22988700
23778243
24159922
25428149
23165828
22297222
25264708
25779038
21217138
22850361
21785072
24896160
24710144
25598497
22534617
21701766
23926652
21118436
24142061
25227220
24796926
25654383
24315615
24333145
24598458
24284802
21114482
24853650
23759627
23049163
25127641
25630531
23917060
25726427
23270847
23250472
22364574
23885937
22605688
24111572
24883265
24133945
23199303
23002348
22332298
24796950
23432600
25628138
21266107
22089905
23846814
21179284
25805031
25844160
23193417
25184777
24479114
24701919
22217372
22486908
23591546
24777863
23009785
24429314
24184887
22082567
23209381
22195874
24510871
22302969
25522112
21393895
22995409
24847339
25460768
25841722
23052480
21058056
25211420
23551602
24303850
23355749
25740046
25228005
21997225
22619124
24814534
22864483
22763038
21258520
22476955
24119651
21199729
24939218
25648582
24578870
25416399
22037275
22772614
25308378
22471631
21205684
22264103
25257903
22715516
23412621
24975764
21318520
25466320
23694738
23284161
23220860
23674420
22322246
24622004
23140395
22088666
21997529
24237795
25994870
22909259
24490594
24098368
23814614
26002954
25456095
23899033
23362907
24329272
25514596
22071996
25213483
22984833
24949848
24561405
22212290
22757341
25184259
25913504
22261867
25085850
24751445
25624212
25328382
23741794
21436758
23811357
22424895
25661831
25673886
21185263
22286830
23646669
23715802
23225485
23127918
24857395
24057445
25963051
22973965
21586196
25041671
25858178
24263133
25034448
23615607
23847377
25191068
25672844
22723719
22629044
22892082
23319486
23858005
24151799
21698711
21007431
23673788
25322113
21679867
23683602
21042670
25157047
23275820
22215273
23465087
24293944
23091876
23866028
25204719
22236901
21790149
23791868
25603899
24918676
22321223
24608973
21859756
25221640
21197998
21864259
24003575
25689057
24794425
23972722
22721602
22221023
21273576
22753747
21624657
24360128
25578421
22162842
22012855
21732141
21897340
21334379
21355286
25546254
23742590
22400686
23135792
21661130
23321664
23442301
24484273
24715788
22178067
24195689
24866113
24707456
24711321
25306457
22241414
24958712
23432843
25461671
24890571
23416460
22876139
21712287
24130530
21258921
23614191
22448942
21163466
22930824
22229714
23695881
23666114
25243155
25889225
24608818
25254203
25109659
22258732
21057615
24494413
22903475
23174640
22742580
21800719
22070464
24624455
22774340
21101703
24463896
24775648
21350208
22140745
24402985
25305892
22122755
22836075
25242067
21245232
24186514
25499974
24345946
22546658
24965725
22049201
21609842
25415488
21956221
21701393
24171216
23174636
21537917
21898964
21014613
24604958
25383803
22503104
21022296
21110927
23383790
24050563
23626648
25714696
22067065
25576264
25947472
22448352
22780114
23758349
21440136
21735659
21002254
25292029
24233647
22269106
23104354
24432198
22298797
21860031
25078414
25155641
23395013
21747033
23346512
25313661
22236385
24270757
25260896
21414025
25046454
22089942
22968202
22477991
25875828
22028728
22288050
24540910
21536756
22370554
23638066
22901027
22194539
23565673
24549297
21864673
23992408
22150051
22841461
22908736
25676840
25199889
23156582
25263399
24358727
23977511
24837627
21835808
21843775
23244567
22827705
23269149
23664147
21304330
23678517
21565117
23365550
21681675
22292190
21526301
25637424
21296552
24164780
25154379
25832273
22548784
22625389
22704212
21828231
24472086
24162424
24248029
24675199
24598329
25209555
21479372
22726877
23541069
23051969
25438788
25094830
21475681
24478704
21939887
25992506
24884721
24924848
21699972
24767135
21867754
21945332
23682167
22272856
21840980
21020423
21294372
23289039
24444348
21551380
21208309
23250923
23242010
21720590
25519321
22496028
24522943
24665338
22409989
24666820
22920380
24950456
23124883
23547327
24398310
25468508
22526044
22163438
25612060
26005223
22671584
25674221
25665126
24659402
23291733
25460437
23967873
23721585
25064706
23087527
23800626
24004957
23341473
25038071
22631087
25618794
22946528
22870095
23061029
22619382
25490694
24651582
23440926
24393785
21825003
22904328
22537729
23052782
21258781
21018552
24788248
24912635
26022923
25220578
25709165
24654882
21284558
22533000
25417099
24035574
23263017
22515145
22992445
25301643
23043037
21433654
24179884
23283597
22165512
21451891
21761441
21262660
24257394
22040684
25289364
25439239
25183075
23821752
25603836
25853941
24191659
23890204
22812935
24804399
25008425
21861181
22668846
23904452
21682517
22435563
23731501
24385774
25645950
24896910
25330478
22143365
21290399
25732813
23392400
21003555
25926965
23126768
23361305
25205923
21506526
24803644
23444915
24763096
22523632
21272299
25648997
24925420
25222691
21257241
21869149
21115535
21518659
21534656
24912650
25503188
21256154
22493824
21023209
22671789
21936029
21360395
24156061
23223456
24902165
25239178
25381055
25372374
21630143
24851373
22769658
22437529
22092917
21335106
21410189
21435765
23729973
23596236
23871286
24382596
23085766
24795877
24500613
23825142
21137375
25983828
25674979
22916720
25980216
22921547
22466774
23883766
23684652
22578212
25560804
24742377
22839742
21327121
24779246
24727812
21563002
24596464
24320249
25107945
24640238
25453349
22273095
25317989
21435454
25870768
24201712
25485650
23763168
21626140
21679888
25690108
23736223
25116358
21790693
22132287
23742631
24409508
22726597
21593839
24520072
23688476
21216556
22972779
25801393
21702914
23925193
22957023
22534824
24684085
24567578
21186803
21786450
25145603
22796785
24997844
22941281
22029734
25215212
24446844
24494362
23850731
21042007
21679585
24662845
21364188
26013332
25427706
21800486
21254216
21544860
23850003
22531556
25935620
23743843
22762774
25317997
22469399
24472502
23232645
21489380
22521853
22051920
22548546
22162837
24893638
22941096
23608439
23515748
23970667
23770147
24595718
25220559
24857558
23444608
21776141
21000657
22043303
23831512
24153221
23363157
24036335
23197280
25820395
23711345
23105121
25733759
21078945
24525972
24409120
21996664
22233285
23210478
22912580
23652959
25229054
21266710
25164718
22334991
25035359
21117181
25803680
22594564
25927102
22773942
23528533
25208429
23189541
25117253
25983962
21792402
21954132
24321374
23991928
24501693
23588442
24858940
25608895
25343945
23915051
23216421
22653556
22482131
21393176
25716784
25875130
22251157
23301972
21578384
24411525
21287346
24358015
23477473
21567098
22722265
23213634
21070186
21733127
24685551
21955008
24372724
25525066
25439918
21855355
21292083
21161250
22920226
23447582
22637461
23625331
23911518
25385319
26002451
21224767
21318145
25500039
24267361
24735649
21441896
22151867
24992563
21890525
22429943
24916433
24740004
22243984
21473641
24130284
25438767
22477932
24997322
24732743
21659781
24215052
21003940
22786521
21956835
23601409
22404439
24858243
21912683
25940856
23514616
23531471
24575726
22690111
23246171
24886787
22324415
25695353
25810403
21061216
22466009
23506508
22369071
23556993
23118859
26000209
24903970
25610196
25668308
21725638
21625706
21788420
22833569
22110662
21418250
24312112
22194751
23745505
24195105
21542738
25740693
25173662
24778569
24601530
25269261
21220126
22812471
25176733
24593583
25668987
23189598
22860181
22176357
21898874
25824238
25954183
24193839
25559072
24046533
21705782
21502924
22231805
24160995
24357523
21647520
21412111
24624541
24534905
21359674
23802711
25962211
21420097
21970045
25503677
22678866
24588755
21534776
24782084
23948464
25874492
21467120
23533277
21344059
23492189
25211140
24366773
25362533
21220042
23389103
22260927
24409648
24310361
24085103
21475944
24525105
23764235
25589050
21278036
23904101
25909123
23165295
22783394
21521680
23399376
25457717
25484447
25599012
21898466
23881001
23317835
22770046
24647163
23067214
25379128
24176349
25438579
25097903
24240009
23397823
21558878
25655881
25309647
21742479
24935150
21903895
22001346
25144139
22804369
21369612
23353671
24325025
24226255
25771059
23469397
23174566
23682295
23098469
22302790
25453423
25081518
21052863
25642470
21550511
22261824
25094741
23899779
25360222
25619874
24811558
25753139
24100867
22029973
24817973
22174952
24068343
22345822
22609795
23480713
23376510
25598781
21129424
22833672
24958437
21522461
21704221
24042927
22876246
24343692
24407604
22980373
25226468
21582590
23675048
24539507
22125082
21887999
23692278
22763290
23921115
23779177
25443359
22657039
25269816
25469736
23636837
21254368
24773485
21533570
22679634
22007015
22686684
21264732
21199968
21864053
21543366
22487901
22047320
22401285
23768394
25497382
21558610
21609860
21088228
22744799
22925214
25285451
22123341
25075030
25671766
22331794
25002930
25766507
24147087
24874018
24322338
22723050
23277599
23025435
23855526
21084759
21734456
23412990
22890451
22019517
21755400
23891716
22282549
21762025
22470050
24806531
25762462
24187503
24011312
21666394
21677021
21836942
24744850
21778471
23110840
24828491
22483379
25994783
21848475
24184607
21246144
22880777
24604566
24323065
23889921
22572082
21804753
23693978
21978502
25217716
22810731
