24355902
23073776
21002869
23562983
22066882
23990031
21291951
22956297
22497624
23684440
21466898
21597418
23581441
23433030
22121321
23137849
21368931
21423533
21177945
25434607
26023397
25410449
21334067
21649370
24001677
22128315
23510485
25159476
24875276
25256834
25969147
24380605
25274072
25116219
24159411
23078997
22058021
25780450
23546199
24693377
23989477
21935601
24176900
22896301
24956298
23597969
21429809
25487758
23719424
23580806
21868940
23159537
22742050
24136821
21561172
21129294
21824459
21739755
24669167
23179796
22437203
25013381
23146346
24841501
23114344
24679219
22339909
21454020
23550111
21167725
25433733
23032814
25699752
24613192
22722711
22407419
25712413
24661471
23529843
23934695
25839400
22506873
22145325
24259166
25240684
21543947
22241656
25725835
24978716
21604775
21789394
21911187
23433889
22467611
25325642
23180124
25597868
21392515
21513153
25283756
21151429
25391698
24536466
24986376
21534792
24308162
23089127
25270922
23367123
21036265
22079787
23731820
22235464
22178439
25640292
25680546
25019263
23179945
23913998
23842091
21446774
25304631
22091241
24004966
25202735
22801650
25425721
22530880
25972590
23179627
21788286
22742035
23206077
24871103
22684806
24003242
22121151
24192776
24938125
25518449
25498282
24679494
24609331
24323047
24616735
22667048
21907499
25161199
25801154
22243449
24990263
22438733
25690371
25567077
22434006
22873599
22678694
24155370
21350384
23014958
23249565
22541949
24176288
22241384
24610507
22250939
22304228
22011388
24636706
21912212
23696374
22025951
25860467
21505197
23390047
21582132
22047440
25357170
22069513
23715636
21360465
21150929
24603723
24157669
24604774
21117646
25373619
24450757
22639195
21946762
24576026
24727472
22665464
23442763
22681007
24461189
23920293
22168605
21195876
23336123
23176364
22314005
21890849
23959969
21409382
25628712
23245455
21420542
22381060
23822979
22222486
24681528
22983003
25642677
21745717
26008700
24190777
25151815
22052221
23494757
22724970
25150434
24314409
21196414
22670803
23846743
25549324
23891615
23214286
25436196
24257251
25488621
22664874
22961134
25178146
23043454
24771401
25313124
25694725
23997687
25663305
22103329
25353610
21253293
23942771
23359225
23034878
21718297
25815386
25250554
22437986
25012258
21482519
21443424
21928860
25179564
23631756
21237363
21894181
23313212
23685761
22590570
23097850
25664048
24111099
24652797
23988441
21231908
26025347
24063059
21006687
23766744
21837881
24837475
21659238
21651827
21353250
23174871
25355868
22753919
21283963
25806069
25334912
25931242
24231864
25285865
22902510
21036992
23688732
23696716
24385087
22785107
24712089
22383375
25035289
23854727
23713710
22648553
21422583
23993966
24975061
23952423
23679561
21823843
21052528
25912010
21821468
24295844
23746234
22633561
21865474
22479360
22739128
21632530
23950873
25464773
22033337
24117275
22676223
24219855
21781717
23707210
22545330
22456021
22971656
23224973
25103163
21052224
23373183
24264331
25154364
23086921
23545885
26024698
23821727
22759758
25473403
22308198
21021980
23340478
24039613
23847797
24192594
21184020
22387827
22249019
23330383
22250928
24809887
25581818
21691386
25180203
23786141
23076103
24013696
22680888
25153502
23091179
22007743
24547179
25663933
22088402
23050285
24532901
25373186
22467772
23899588
25555958
22104507
24136013
21256117
23312951
25563748
21296035
24498318
22219415
23051880
22809817
22220307
21300674
22969475
24826478
22968315
24083973
23971323
21303263
22414713
25444227
23060463
23262849
23293816
25462189
23788648
25152276
25742913
22557457
25131915
21602651
25997998
21629938
24838142
22845605
25915027
21033301
21066770
21808582
24919065
21547055
23494476
23717468
22405111
23912663
22507377
22764939
25781290
23617163
22921390
24184271
23148660
24037862
21281861
25848217
21257762
23313055
22397211
21405002
23853311
22649945
23823167
25022160
22597103
24258192
23973960
25894399
25705216
25236368
22679771
21918602
21400200
25869606
23009535
22885458
25159463
24904719
22677874
22947593
21367414
21535904
24994765
24349230
21984493
25942753
25485459
22207515
21536160
25777389
21420792
22656158
25847795
21421184
21378380
23355242
23623922
25190127
22922080
25147006
24208918
24635039
23130894
21257226
24930030
21863075
22695497
21247400
23149928
25346422
21641324
23228939
24686562
21521919
25700035
24014160
25972213
25447850
22649016
22473217
24810745
22057672
24165356
23239232
22722413
23739314
22712088
24823837
23738061
22965050
25898679
25051132
24195458
21184018
24463563
22919052
25121071
22852987
24564085
23433897
25451332
24722747
22381440
26015810
22809373
22863807
22268589
22045186
23548592
23011738
21157427
23392301
25513281
23231711
21397924
23553771
21276561
21269825
21345351
23684248
22098513
25090065
21713265
24936419
24388067
24326305
25559517
24223822
21504028
23666401
21192461
26026514
25570491
22125697
22601622
23353070
21174855
23431830
23184379
25146783
21234459
21121330
22904122
25299342
22921138
25771475
25825971
25589564
25016554
22405202
23644244
24566998
22022368
21141244
25954277
22985039
21226423
22180652
21641215
24733082
24845273
21991372
24698167
21258238
22819377
25899698
25984406
25973242
24422080
21212280
25324419
22999844
22093301
24989721
24360360
25375666
24150137
25546882
24082214
21943252
23131690
25967553
21679087
24820174
22780019
22169007
23769860
25894317
23184364
21398209
23192985
23461367
24822915
25335781
25667485
23442731
23230998
24287199
24592453
25422532
24379006
24738325
23009732
24521857
24752018
24515976
24168355
21090699
22632926
22255913
23234798
24836958
25568240
23166710
24428308
21442644
22178522
22557400
22904133
22548877
21676239
21502248
24055423
22091364
24723957
25895027
21026462
22350830
23392835
21841573
22066262
22652209
26015307
23341275
24082739
21230319
23468056
21738737
23244022
23391170
22360349
24763827
24627824
25631454
23812174
23180156
23852163
22890615
24156681
25673037
23209044
25677188
25591244
21218117
21495811
25212855
24296656
22182871
21859490
25386615
24133512
22036155
25138701
25955555
23006353
21872965
23226452
21886391
21769546
21120571
25050300
23357863
25438137
25790902
21911120
23494714
24608985
23512419
25251593
23213255
25515485
23959312
22610739
21236557
21824751
22650839
22961909
22245622
21869523
22865811
22784759
22996690
25339019
24517717
25559216
22852413
21683343
24002937
22363793
22595923
21495346
24466655
21655959
23471844
25831220
22724080
22971630
25476905
21639191
25291213
22215643
23017842
22773799
22458353
23712547
22030981
25637471
22220066
21936518
22360957
22074281
22882744
25905214
21246749
23236088
24988575
24059095
21854243
21638935
21043857
24398850
22060563
22836818
23456826
24179000
24446966
23272194
21364048
23785470
24765365
21002283
25749900
24549495
22960907
25800354
21499532
22453006
21463469
22456596
21970609
22598602
22965875
21163693
24022518
25601898
23835180
23775435
21261898
21825122
24655933
24028881
21246072
24011838
25061977
24159018
24194585
21382092
22940546
21333239
24017857
25634207
24463917
22224352
22628757
25986533
23003197
21449197
25509214
21800098
25893395
24855866
21723203
22300466
22568066
25673664
22724582
21547500
22247741
26016890
25741464
23624252
21022857
25876503
25390825
25742303
21523482
21081017
23134164
23551122
22007955
21985061
24855706
21955855
25894743
24274818
22878702
23487241
23174915
24903011
25870929
25072495
25823268
23127885
24115902
23727670
25350078
21981965
21050265
22036583
21209887
24907413
22959362
23772589
21556987
21088317
24984367
23323336
25190596
25312347
24525181
22905769
21223903
23897169
24757738
25565504
21670357
22336063
21778118
22985790
21191042
21015952
22909786
22206785
25678226
25745925
25848594
21767199
21451642
21929654
25174252
21326453
25494709
22029712
22086627
22637160
22162367
21797730
22351244
24071386
25658664
24790736
23595036
21589296
23526788
22332002
25948847
25490944
21500165
25529960
24793378
24917188
23569949
21529476
26010099
26005722
23182817
22297507
23395007
22254512
22091897
22663257
23338897
24992940
21486680
22350076
21736805
22402745
21209478
23917512
22245649
21130695
22556926
21894142
21496134
22141100
21259347
22732778
21088469
22716904
25206164
24750141
22104052
23449182
21395133
23443604
22272961
24559820
25001035
24399778
25716546
23071282
25059566
22483889
22711188
22854043
21207612
22437316
21298994
24551548
24936242
24594021
24931565
25538431
22245896
23469852
25431587
23551025
23565351
22831843
24768069
21483947
24131696
25264472
22106512
21143682
25838279
21013192
24280935
24787391
23716953
23993386
25577947
21852356
22763946
21904017
24053482
22335384
22139249
22168848
22463575
23370318
22877232
22889664
21294208
24048315
23436313
23170562
22358243
23456882
23554011
23446213
23333753
26018144
24180492
25908296
24631868
22631675
25282955
21136349
23813442
25634631
24564884
23104239
21621357
25165246
22814556
24858828
22127409
23807452
22454527
21267411
22465619
24352912
23281261
22468287
24093595
23666708
22944603
23719926
22668590
25023004
24434303
24669810
23134746
24508223
24776976
23807342
25488165
22193187
24625335
21784475
23076469
25838171
23900488
23389340
22800960
25196664
25984360
22688398
21220059
24911286
22567024
21273374
23449081
25761939
25145220
22206444
22876735
23542169
24101332
21507942
22335693
23829417
23992861
24715220
23163461
23499338
24508424
21734629
24840897
22468939
25656742
21619679
23796354
23660733
24518313
26010152
25934862
25171863
24315085
24114661
23254279
25689403
22663804
21658813
24667151
22365206
22112214
21508954
25470493
23665329
21225959
22350904
21004573
22551966
23690353
22808308
23566146
22569115
24164375
23808540
21905353
22355800
23157994
21941450
24819915
23368291
25929614
22772493
24250734
21889733
21562666
21007418
24576209
25993168
22021270
23307024
23480225
23558715
24146679
25738914
24786686
21659468
24768580
23507898
22223814
25527713
24472829
22377393
21074450
24285041
23065186
21637427
25193651
25282210
25736663
22666461
25097729
25779569
25807615
22263959
24697472
21790133
24002379
22518001
25152477
25915011
25689206
25466037
24479250
22382965
21286448
23222558
22960176
22812216
23590742
21783560
24790834
25543090
24058359
23676611
21594713
23744809
22835071
23999693
23949653
22469659
21877047
22126269
21466505
24298101
22722033
24797776
25732149
21392561
24005396
24707120
24004106
24202204
25507526
23439596
23416914
23930050
25491324
22360293
23075488
25177051
21062548
21897918
23499173
23324327
23099511
23659033
23729293
24386329
22728370
25553739
24849965
23596807
23101406
24348570
22018834
23932917
21700265
22236612
24990862
24760672
25904661
22421300
25588265
25520271
25814453
23632747
23395756
21207595
24027887
22527638
24673631
24808753
21071557
24501581
21671241
24957162
21562242
21763716
23731712
22898406
23135396
22360423
24674201
25811930
22619264
25881235
22158392
21603727
21950206
24073316
24753639
25638063
21181918
21692816
23499740
21970410
22268919
22614357
21300152
25748993
23912994
23995125
22034531
24231648
25478423
25773873
24188074
21422187
22923270
23593228
21082052
22749140
22644654
22193047
25309455
22316426
25991355
23718590
24004075
23962128
22632028
25275168
22068147
22106534
25860583
22374018
25282498
22601382
22342117
23616384
24508176
25209983
24781933
21435753
24633104
24984639
24901278
22529272
24385018
22051944
21522422
25895569
22941827
22778796
21613227
23249075
24439516
24363423
21902708
22789123
24959695
21332160
25013683
23083364
23841577
25995478
22337993
23357322
21933327
21041499
24507297
25794899
21360783
22139330
23003829
23354765
22552785
21032335
21231633
21491439
23244354
25255506
22451187
25635481
21994204
25162062
23771719
23471040
22294675
21075894
24200132
23812679
23964719
24066875
22660857
24761066
24646301
23384892
23462017
24223804
24373201
25141112
21332625
22176385
22187498
24489297
25559419
22672136
25610394
25864888
22270023
23745133
25621170
25717076
24033282
22754630
25629858
24126560
25899293
23434764
21715138
23564804
25466232
23278735
24705948
22769243
21199261
25068570
22487255
24999031
21240056
24947930
25169370
25679192
25443986
24333778
25341785
22824943
22521102
24240961
21315426
25965278
21798858
24336981
24586293
25655639
23042973
23043363
24568321
22483207
22080746
25260686
21622849
25757339
24487405
24853957
23790013
25399292
21994823
21047430
21632764
23459672
25154978
23972879
21441759
22649606
22203892
24248335
25329835
24733458
24797952
23012396
21650037
22430607
22064269
25356650
25566219
21733501
22667000
24209231
24732354
24235663
22246318
22045353
23115334
22244773
25936219
22016348
21930221
23095229
22659222
23241573
24221420
23586213
21946870
24863928
23696369
22920825
25294200
22753680
21476700
21025962
22844629
22428119
23121131
23854764
21796243
21454608
23919336
22721835
21377403
23733824
24784469
24719710
25594879
21616923
24434673
24427301
25866148
21670538
25110643
21461174
22212805
21221187
23523182
22539971
22259165
21452177
25705599
24456915
24422261
24004914
22310181
25786984
21923365
23501416
25208208
21995374
21154431
24809528
21350688
23078859
24886122
21073114
25003596
22782535
23548962
21143386
25993588
24473670
23153966
24384372
24435469
24629226
21916831
24313634
24944138
24587588
23829291
26018715
24084657
22255259
22985880
21960407
21397796
23997978
21412900
23363030
22896995
24183389
23763832
25312208
21909086
25622432
25981015
23191785
23759042
21199601
23558028
21282314
23650038
25586600
25088817
24138533
21696879
23913657
23963598
24193742
22398496
25017310
23764783
21063175
23871757
23832007
24150984
25706588
22000392
24813537
22217097
21025029
24403499
23695356
24147713
21557494
21859817
22776307
23855367
23506192
22294359
22370334
24171163
21214081
21130815
21635781
21042433
25283767
21489056
25530035
21087938
21193866
24849220
24375831
25342985
23944708
23124477
22793442
21776570
25734735
22281412
21353465
25096620
22509087
21752923
24613303
21277183
21190555
22090862
22469375
25592440
21718063
25181105
25411132
21787437
25401713
25575598
24289919
21869254
23095570
21637297
21323014
22855649
24749935
21532746
22526092
21940540
24984319
22075857
21828366
22569012
23713331
23103631
22731447
23601526
24014646
23022534
24777106
24282046
23976369
23461773
21267020
22203256
25753500
25129378
22929404
22125461
24606166
21998144
22795125
24087937
25945556
25728603
22675652
21543756
24112258
23734335
24468712
22598217
22761471
25394649
26022465
23956220
23749189
21502273
21034971
24210841
24797516
21902549
24749010
24247870
25073946
21416883
24592834
24000951
24479395
23121562
25966920
24855918
25318256
23002756
25126112
23426944
23094124
23699703
24993602
23989580
22989184
24104278
25922494
23319142
22991915
26009172
22729515
23333890
25543681
21297369
22901367
25320076
23527865
22535972
21403080
24351267
22215266
23663531
25175796
22620074
22344295
22817767
26007789
24544135
25432343
21288819
21112575
24592558
22587102
23957658
21018348
22090953
21894263
23404553
25066326
21932583
22148535
24669884
23398075
25814504
25604785
22368303
25489418
24715511
24136538
21678027
21909321
25756666
24375855
21942776
25199282
22929263
25090325
23265103
21977693
21814700
23839095
22375287
21788052
23174087
21143062
25906096
21319448
23899681
24663665
23106936
22829880
22333192
23196373
24043227
22199530
21206243
23609053
22584869
24668365
22813825
23885644
25029079
22975853
25999925
23415226
25715794
22925126
24709574
22788681
21668276
24858921
23747849
24169985
25627859
23766578
21695320
24803298
24004746
25774067
25026602
21424814
25106933
21286731
24668671
22389684
25908909
22310332
24969878
21266728
22734462
24143651
22327571
21874093
25230549
21463340
24965553
24877222
22956636
24748889
21601483
23545795
24676446
25952780
25877427
22073195
22933322
22060382
24088434
22164252
21906713
25481214
23946025
25943596
25457269
21445186
21226539
23688997
25244948
25668413
23887885
21837345
24673775
23587903
23044089
25112464
22604712
21971481
23226699
22144993
25872239
24107740
23660216
21206742
21240762
21733565
25158617
24880810
21182051
22916906
23616051
21636993
23070385
22981132
21008322
25275909
21668082
21000260
22622839
22500142
22090965
22470332
24199804
24037651
24491750
22502544
21054217
25053339
25143810
24596871
23854189
21867905
24762428
25059165
21371487
23810147
23758315
21229828
22468603
22053403
21169246
23391441
22514258
24091505
21648311
23084058
22819224
23735877
24731485
24258852
24979938
22414707
24121107
22725686
23998531
25575934
21021115
23623044
25224780
24446572
23516962
25531114
21694658
21438832
25744125
21621116
23121790
23567584
21336995
22410575
25355609
25543623
23779619
24266502
22803986
25469311
24309986
22255084
21286149
25342179
25551154
25865564
21265171
25334079
21170925
25904658
21312945
23839261
21278390
24435435
24554375
22216632
25834790
21568182
22907014
25144617
24118482
23805723
21651192
24137954
21322414
23820941
24208800
23708667
24839992
25605313
26004483
24958459
21293229
22864462
22643193
25752881
24229806
22088777
22848434
21996815
24337639
25945857
24549172
24986638
23672857
22547348
22456083
23256242
25888732
24922192
22365264
21427901
22213819
21942523
21470608
23340682
25281328
23390242
21920244
24986135
21973031
22199103
21632407
23344079
21427050
21078664
22172626
21685805
25301568
24062230
21045423
24856912
22857888
23713945
22472124
25811016
21981069
21007766
24995047
24134158
21663176
23784356
23292184
23865710
24805946
21613350
24193156
23325831
21778969
23435700
23793943
23661103
25741915
24284798
23926525
22764836
23517527
25687738
23933384
25262477
22462395
23591126
22943773
23874104
25107902
23530174
21416041
24884590
21292459
23188802
24406332
22127541
25752117
25159261
23489882
21053318
21694896
23723213
21511528
24539444
24062405
21207415
24694065
22769057
25422427
24464443
25700050
21917450
22383743
25661501
25894284
25697611
22358509
22161510
21935684
25712077
22345344
21995587
23409848
24295789
23603638
25352427
22069700
24518587
24528565
25088415
24148907
25732542
22447145
23008212
23681093
22823627
24980358
25993502
24641126
22837571
24270526
22721645
22572490
25151331
23245823
25038114
23700679
22453970
22670472
21454147
22142794
24714774
22646343
23866237
25327834
22141687
21893052
23682252
21675351
25694423
23578730
25290357
22628324
22354155
21392410
24628163
21403330
22818815
25115380
21314176
22989443
25185435
23025189
21989744
23287872
24316440
22749684
23817447
25261081
22719022
21183896
22970932
24558454
22230482
24741345
23682810
22700065
23388348
22574889
25376362
22178783
25971029
23914797
21536287
24614669
25750959
25689211
25801409
22602173
24312239
24605580
23452730
21600374
24393388
25889411
23201504
22507040
24550787
25621727
25994465
22570587
22525254
23238703
24945068
22303799
25703301
22973348
21858272
21273531
25388042
23237968
23258567
25613054
21970157
24634094
23318918
25031574
21506175
25893114
25677794
21899412
21108743
25864184
25119962
23980897
23572736
21873413
22501327
21422666
22211271
25285412
25326492
23606433
23334115
25409768
25966168
21245525
24613144
22934895
25640767
24206562
23779731
25869113
24383858
23709908
23315309
21589336
23776773
25258553
21261630
21145239
21747706
24036716
25422268
21441853
22742984
25899797
25876512
21141404
21999410
21088058
25315209
21593335
24937688
22670717
21107485
21827421
24917999
24228937
22420977
22370657
22601412
25377613
23512144
23751090
25719994
22656807
23089831
24545493
25979022
21910739
24066287
21688568
21977310
22754537
25248231
23874911
25588482
22261212
22617450
24179014
24775864
21266822
23990532
25597590
22612819
23624000
25320378
21177967
23087552
24118660
22638094
22407351
21731449
23545955
23875443
23982319
25457687
25276628
24012802
22780783
21168766
22899513
23590124
23495865
23330706
23739564
21305193
23256163
24205956
22352436
22090357
25040390
25740301
24761563
23689479
23915980
22482777
21053525
21613326
23956836
21465863
23092418
24120658
21617507
22694729
23689782
22846233
23333078
21332477
24956783
25315595
25273768
21984540
23891936
25527514
22662584
23275322
21111933
21057252
24613733
23691845
21853557
23177222
23639414
24746013
23381470
23564546
23812728
25642374
22727557
21570248
21829623
21039196
23584573
24678886
25313705
23682999
23165983
23941784
25283385
23496597
21362199
21258350
23428757
23004226
21331728
25509232
22249148
22221765
24666809
23135602
24245441
22610956
21026060
21894538
25999766
24276769
25842495
25524859
23183593
24868402
21234831
25089616
24723914
21262362
21560384
24678229
25295065
23062352
23841923
22350196
22110305
24542975
24952964
22903833
25338187
25491860
21845476
22044797
23131145
25016312
25555500
21506136
23926861
22645771
24284922
22368028
23202737
25794543
24220706
22206487
24381393
25796377
23623020
23416698
21188966
23284491
23815498
23753520
23988272
21368660
24326893
22957710
22135641
21955635
24807220
24589279
25679811
22675643
25673150
21687634
21214849
23742558
25690444
23719205
22228196
21507067
21566760
21189849
24813850
22623693
25993197
22527094
23277811
23371583
22468767
22497221
21663554
21147609
24413764
25861918
23008933
21869122
23337252
23025524
24242107
25741640
23132981
23508795
22844334
22159985
24205772
23117224
22795168
25096269
22910999
23651252
23280829
21012663
23415740
21862499
25015113
24162673
22539483
25283928
23202810
23571896
22491494
21778176
24328730
24742501
21006410
25954729
23852790
24840609
23723226
23054808
24940766
22108039
24646927
24609059
22020186
21588745
24910362
25886375
23387902
22675483
22627770
21370502
23442347
21318470
23168223
21540256
24156284
22060576
22261585
25665141
23425488
22981799
25563805
25967054
21938198
21625814
25362395
25321287
21155983
23594207
24004855
24693143
25321013
22885209
25607495
25545818
25195810
22973910
21634492
25186492
24866772
24718734
21667214
25128859
24905799
25347760
23127829
25977344
22324116
21499621
23197865
22003672
21017815
23544445
24884889
22369870
23584958
22065626
25461190
22025785
25206698
25769645
22907156
21963512
25057442
23093289
24734487
23555193
22411530
23797712
21826830
22308679
22690416
25948124
22870997
24723528
23808368
24137382
22649902
22110990
25984922
22996896
24429391
21466339
23096242
24180535
24000859
22716548
21764893
24915406
24369542
25415118
21345614
25751809
25152013
21390582
23535472
24317798
22985864
25101615
24582337
23139015
24287121
23726658
25162230
23593272
21949248
22732211
21477717
23360328
23840415
23426399
22060374
21567013
23373535
24870096
25229547
22673566
22436638
21858253
23919004
23635530
25189217
24330144
24867514
23686832
26003835
22819725
24460010
23920127
24138812
25919322
25065108
23868885
21267110
25817950
24587593
24114983
25003892
23167774
22002464
25228094
23835230
24874452
23386110
25479214
25016053
23911921
24575378
21226596
22680802
24141542
22914923
23098201
22186596
23773876
24428909
25388570
24055219
21619285
25656497
25509408
22751027
23273077
25699112
26005419
25225598
25075775
23696171
24591917
24370085
24994107
23161396
21773300
25376383
24601151
22615868
24320258
24645180
24667086
21428924
21785370
23369267
22981071
22604494
22463242
25709076
25181300
23100158
25823621
24794295
25266869
22168112
22776326
24241422
22484800
21643107
22773994
23421515
23220476
26021014
23632285
23370568
22499449
25482276
21166571
23908876
23195824
25704804
21204272
21314508
22241177
24406928
22337804
22500209
21461229
21624163
25705120
22638417
21472037
25558846
25155195
24516785
22584104
24213428
22757124
25684767
23319041
23748625
24409852
25284903
25010504
25750213
25027368
21325026
23525750
23936399
22925503
23488940
23530005
23427789
23445276
24449227
25914354
22009130
21954676
23906549
24519254
25520386
23750673
25194989
23857314
24309268
22349689
22182662
24019264
25978218
25020193
25281161
24605996
22880715
24115344
24357217
23845786
21983596
22715448
26008881
21363893
24634680
24842463
23142204
22992554
24800158
23931472
22755018
22149225
25779684
25552494
21725930
21609233
22769497
22948372
23502672
23208154
22653189
21254827
21344833
21261720
24498376
25462426
22094546
25647770
25843714
24799840
25417361
21356130
22455812
22326293
23825836
21804182
23318317
21589524
25253723
23448293
23018966
23038493
25474675
24353683
24150625
25658815
25352871
21847595
23054490
22488113
22196153
23658050
22940408
23252199
23536180
22125263
24217668
21248210
21021763
22969421
24739484
22457866
24172411
21770083
22318409
21607583
25748376
24370778
22884009
25715839
25882983
23025151
24193029
25006665
25961834
24593259
22802175
22080914
21125464
24920034
21516424
22828754
23011228
25289157
24910189
25442550
22550558
22671553
25277250
21729612
23942939
25604199
21936066
25367169
21537983
24040786
23222484
23359636
23598479
24185089
23657765
25927489
24092764
24953872
25949414
22903126
22736556
23239988
24420994
24196311
24286213
24564759
23174990
22713402
25621450
21884485
24275619
21340314
23554912
21989372
22405725
22013747
22506253
22931910
23006841
25137984
22591084
25775315
22003791
25347403
25102173
23893786
21789735
25484166
25174999
22074389
23668224
21906268
25903184
23143824
22186322
21491590
23711881
22696534
21877187
21946447
21358710
23045713
21737235
22253709
23037443
24382386
23671755
21415031
21320536
24866858
22481675
23008044
21064689
22870108
23008270
24990719
23487620
24416353
22427549
22994308
23837325
25723028
23136323
22141937
21193524
24302705
21764529
25076442
23260893
21331512
22385572
22840802
22984475
22700761
23484001
24358125
25616140
25415583
21484757
22968179
23398626
21836019
21153939
23591695
25491215
25496543
23444394
21151236
21326655
21012269
23754406
22564599
21979415
24184256
24105944
25977611
21261807
22581006
24352878
21210552
23758682
24322226
22970008
23799225
25095422
23005304
22676389
25465451
25719721
22448306
21195607
24306832
21536105
25384605
25188446
21569948
23149668
24173894
24247868
25523928
23855409
25332058
21742824
21565302
21501007
22267745
22507957
22125035
24144121
24515885
22788210
22105403
25749985
24996426
21621123
25850541
25448049
23888190
24239243
23592646
21892683
24186707
23534527
22045466
24313035
21078710
21277714
22725066
24820858
23723783
25176806
22787429
24124522
22289247
23523462
22428759
25031286
22087147
21253179
25306097
21882180
21911974
25757003
24563617
25971468
24010701
26026020
24911934
24903732
23016870
22104476
25478062
21674331
23243166
23113792
21771221
24760095
22569898
25530634
24561271
25308933
24769987
23519195
23297112
22068297
25451082
21457258
23838360
21130849
23067320
25975656
22178978
22034227
21700077
24689724
21022450
22142921
23148090
21892165
21326504
21886477
25789852
21086786
24877997
24213644
24415267
24736710
21597816
25189630
24042602
22942268
23237277
23784526
24805204
21288922
25054638
21686999
24336655
24063229
22661011
22422376
21096934
21029916
25625373
24116600
21557075
24495249
22379611
24866257
24582726
21266198
23050861
24366418
22640879
24593155
23748506
24085197
25843569
21556239
23198250
23413672
22765897
24430495
23260184
23478764
21362785
23344175
21594378
21969312
22563929
25723562
22266497
24411861
25884512
24530243
25594704
21471074
23231623
23205259
23106705
23748477
21913418
23847768
25826312
22820090
23447431
21751188
