23190383
23603638
24748889
25915027
23244354
22384067
25603218
25655639
24149395
23930050
21429202
21953780
23899588
23017842
22965875
24439516
23391441
25258553
21632407
23037443
25971468
22457866
25752117
21168766
22200566
26018715
21797730
23659033
22516858
22941827
21836019
24539569
25565504
23807452
22742035
25559216
22819224
22677874
21649039
21032335
23215374
25147006
25757003
23234798
21625814
24456915
26025432
25022160
22022368
24385018
26015810
24191033
25414728
24592453
21663176
22167034
21179524
21990224
23551122
22456083
24777106
24062230
22852987
21296035
23745133
25150434
25801903
25694725
24845273
24298101
21738737
24716590
25773873
22383743
24208918
22075857
22474318
22721835
23051880
21808582
21177945
21299540
21986639
24004966
24980358
22803986
25436297
21967828
24302658
23662581
22241656
24467598
23548592
25591244
22139330
25807615
23855367
24863928
25346422
21651827
24995047
22337993
24458461
22039646
25581818
24682371
21589336
23691845
22244773
23494476
25618908
26025347
21424814
25003596
23950873
25126112
21257762
23456826
24979938
21735033
23011738
21443424
22905769
24673093
25433733
25771475
22873599
26018761
23060117
23014958
22338178
24156681
23245823
25520271
21642746
21942776
23937855
23635530
21508954
22034531
22612782
23488940
21923070
23390047
22149225
23370318
21773300
21854341
25425721
22007743
24336981
25934862
21969312
24813850
24558182
24518313
22690929
22438733
23012396
21382092
24456707
21936518
21006213
21344833
25848217
23224900
23835180
24274818
24717823
25945556
23525750
23530005
24032673
21119478
21012663
24936242
22922080
25248231
22389610
23982319
25279070
21452177
23103631
22436638
22283715
24157669
24138533
24763632
24986376
23092418
24601151
22893189
25283771
22759424
24667151
25621727
25984406
21002283
23899681
24950691
23226009
21874148
21933472
21697310
22968315
22946613
21910739
25638147
23404553
24875276
24819915
23407627
24793378
21422583
21743672
23532411
24989721
23150044
25472365
23697808
25699752
26016643
24152252
24802419
22604712
23177222
25904661
23658612
25461537
24159411
23054477
22049498
23398572
22377079
22093301
24669810
22068147
21547055
22420675
25589564
23566146
22845605
25681155
23847797
21397796
22788642
26005614
24646301
24479395
25626282
25959515
22895831
22776307
25731354
23113645
22595923
21286731
22596179
22615558
21427901
24987165
24969878
25101615
21824751
25478650
25706605
22211386
25959851
24141221
25390692
23325831
24352912
21300914
23308633
25888732
21656626
25700050
22601193
22898406
24507297
22836818
25179564
22846233
23202810
22057672
22501327
24610507
22725686
25954277
25912303
25620913
22718883
21789394
21358710
22835071
23260184
24669716
25176163
23510485
23391170
22090953
22358243
22198220
21626700
21715138
21277183
22921138
24826478
25220115
21414485
24944416
23839095
22292158
24722747
25732149
23965056
21240045
22923548
24047117
25662418
21409382
21451642
21033301
24679494
21143386
22182871
21283963
23196373
23319142
23229413
23134746
21602651
23415114
23003197
25833481
25494911
24287121
21829623
22527638
23161396
22045353
22500209
23564804
22363511
24413588
23191785
23353070
22769243
25059949
24446966
23433889
23822979
25428671
24855918
23999523
22668590
24776976
24400284
21052528
23716953
23861797
23581112
22617450
23176364
23616051
22539483
24732354
21174855
25582286
23723783
24840897
24678229
21324438
25484166
24640124
23884603
21776570
22435936
25989016
21902708
24443038
24693377
21379259
24733458
21223903
22025951
21504028
23043454
25228094
24673631
24703469
21038785
25181300
21316912
24435469
24258852
22251561
21722476
24911286
25518041
23098201
23747849
25786984
24248335
23831815
23137849
22539971
22221765
22483825
25894399
25716546
25512472
21446774
21894538
23101406
23527865
22597103
25869606
23025524
22865811
23609053
25350772
23384892
22168848
23544445
24040786
23659272
21536160
22589575
22700065
24033282
23731423
23093289
25610394
21641324
22940408
23841923
23604089
24247868
21315426
24017857
25027368
21057962
22462395
25457663
23721566
21942943
22016348
25634207
21353250
25197871
25489418
25264472
25072495
23799713
25638063
22653189
23147485
22665464
23112280
22892939
25197128
21360783
22984475
24358125
21950102
25357170
25568240
25529960
22434199
23959969
22125697
24597169
21849304
25282955
22969421
23517527
21983596
25715794
21639191
21210953
21176893
24522964
25738768
23433897
23050861
21293815
24820858
25470493
24859025
24761350
21433845
22310332
25320378
21903521
22228196
25700035
25118097
25083554
21088469
22931910
21734488
25952780
25559419
25318256
25657564
25781290
22615923
22642581
24150984
23398075
22354155
23713967
24133436
21548583
23632285
24463563
24382021
21867736
23837325
25249519
25634631
21207612
23252903
24510337
22161267
24752018
22800960
25607495
24631868
22233320
24768069
21495811
24106108
25625862
25591603
23748477
23071173
22631212
23831753
25842495
22456021
23229857
22162367
25137984
23180497
21886391
21780007
25228214
21026462
22314005
21414792
23206077
25136940
23967678
21824459
24379006
25410984
21800634
25427814
25206164
23810147
22051944
24922761
22884009
22598217
22120039
25682378
23469852
24000951
21655959
21226596
21814700
21340314
23267269
22716316
22637160
21945449
22547348
21004573
21022857
25966168
21729612
25174252
25955633
25509214
21641582
25746243
23098642
21261898
22350076
21694658
23597303
25631454
22785107
23293816
23341835
22548877
22569012
22679771
25175597
25189217
22947623
24741345
24014646
25777389
21240056
22534203
23239266
22614458
24422261
23209044
22083300
24027887
23040049
21045423
25350078
24822915
22701795
22335693
24491268
25028819
23096242
23660733
22595978
23817447
23132395
21556987
21356130
22601000
24155370
24091505
22328448
22500142
23025189
25181105
22639195
21777958
21610176
23572327
21169246
23329431
25527514
25628219
21679087
21843905
24031654
22994308
23932917
21053318
25553739
23744809
25778128
24012802
23459672
25732542
24694065
22385333
26005419
25931879
25748993
24403499
23373183
24604774
24258192
21930221
24369190
22397760
24479250
24388067
25197654
21600374
22696534
22814556
22246318
25761939
25325146
22904133
23795419
23527781
25325642
22809074
21979415
21100019
25388042
25336060
22208778
21423533
24423464
23986811
25398780
22414713
25283385
25616011
21441759
25478062
22956636
21441853
25665141
22369870
22801650
21465164
25966920
22180652
22453970
21917450
24978716
21734629
25861918
25794899
23253529
25211732
23091179
21267411
22088777
24083674
24293375
22527060
24055423
21063175
22024253
25984922
21502919
24014160
24503689
23153966
23946025
21012269
24150625
22257900
24636706
23941784
24536466
25868607
23351692
23185844
21739301
24381393
24945882
21822024
23390242
24721013
25696495
24766092
25219749
25860583
25415118
25966146
24172802
21303263
25994465
22587102
21605127
25289157
25746000
21506816
21838973
23415740
24133512
25725835
24589279
25590495
22670472
24363423
21230319
22954322
23126271
22787429
22478507
22178522
23213255
24262014
23512419
25400396
23798258
22563929
22479360
21467001
25640767
21377403
21320536
25962622
24320258
24006087
24284922
23551025
22525254
25740979
22241384
21127091
23546199
23008212
21036992
21327894
23448641
22065626
22007955
23719926
23552058
22091905
22660857
23708667
24247870
24746013
24634680
24724969
25391698
23709908
25629454
23726658
22601382
25065108
24336655
23671755
21277714
21397924
25848594
25751809
23708911
24107740
24735658
21151429
24370085
24265144
21214081
25770759
21557494
25663305
22018609
24076402
21909086
21632764
21723203
24088434
25253633
22713402
25335658
23075488
25161199
21294208
25694423
21902549
24861177
21411550
21468798
21973031
22795168
25959522
21266728
24118660
25929614
24768580
21671241
22695497
22529272
24541401
26010152
22773994
22020186
24382386
24095801
23078878
23766744
24603723
21792913
25152477
23009732
23591695
23060204
21136349
25456261
25171293
22534915
23003829
23379350
23775435
25763180
25523928
23658050
22724970
22937825
21594713
21886220
24652797
24275619
24593599
24370778
25131915
22742050
22729515
22610956
24763827
22522002
21516424
21318066
25955555
25190596
21364048
21449197
24231237
24517717
22094546
23492247
24223822
25151815
21491590
24723957
22680128
21533363
24818925
22104052
24004855
24285041
22973348
25188446
23755625
24868843
21394416
24792946
22350196
25323152
25894284
24156284
22039069
24019264
23980157
23872547
22171356
21581690
25627665
21543947
23148660
24838142
24037862
23973960
22920825
21869254
22186322
23912994
25841346
23448245
21996815
21985061
25913100
21543756
25525872
24975061
24005396
21818600
22681007
23784526
21927040
21735058
22499449
25658363
21713308
21480040
25367169
25434607
23333890
23336123
25397400
24295669
22468767
25057442
23363030
23900488
21267110
25474675
23333078
21326655
24144011
23375663
24931565
23448390
25066326
25658815
25054638
25779684
25024401
23357322
22507957
23751678
21995649
23784356
24790834
24743988
22052396
21039196
22482777
23551051
22598602
22694729
25647423
22652209
25353199
23124477
22079787
22324116
25684391
