24840708
25118097
23478375
21402819
23494420
22016595
25109058
23810018
23225744
22631713
22747424
23201812
22901418
24861995
22494145
25354105
25228214
23445730
24918338
24156146
21229374
21241892
24235019
25850628
24986318
25200971
22217328
23937855
25044455
24301024
25756562
25065816
21181426
23398572
23458824
24181307
25765284
22417535
25180438
22589575
22179521
21263276
25984683
21605809
26019274
23415114
25341011
23411790
22110203
22549626
22559373
21104398
24127998
21021466
23450206
22198595
24524268
22609848
22849217
21428902
24521296
23884603
23120016
22721505
21033792
21791904
21034815
23461823
24019238
23355926
21498672
22206367
24503689
23001150
25826895
23248804
25225487
23107314
25427814
23492247
24366064
21164993
24030236
22552748
25122544
25325992
23999523
21722859
24051273
24563495
25024937
22112701
24479708
25731354
23659681
25072225
25493169
22363511
25506235
23224900
21965573
24211856
22681689
25591603
24510337
24982711
22307287
25741585
21633668
22461295
22629904
21777009
25059933
22923548
21232825
23766882
22970062
22168296
24522964
23498536
23076694
23379350
21414826
22631212
23839487
25366092
21070217
22211386
22974393
22233320
24141221
21760629
23076015
24024680
23735971
25162152
21647917
24568963
21342592
22253328
25347000
23765510
25842548
25175597
21018209
22171356
21990224
25978137
21544894
23828459
22478507
25197871
25853259
24669716
22944821
25029162
21838973
22658087
23887321
22799115
22668905
21506816
21459503
21771792
25197654
25377138
25913100
25657564
23483054
21780013
22874054
25616535
23092043
21638614
22601000
22414675
24032673
23220319
23452702
21673068
22273006
22083300
25900812
24262014
23089855
22294316
25398780
21592776
25960697
21785657
23054477
23552399
23697808
23155103
24864027
22193223
25662418
23522111
23187843
25371775
21903811
25847637
21817769
25540865
22230593
22359396
23631767
22823135
21468769
21995742
21414792
25164104
25503171
22465254
21587094
22326127
24394486
23738530
25919553
21048246
22764123
24078660
24100856
22313372
24365738
24539569
21238074
24535202
24978313
25023909
21016087
25551773
23150251
25560627
22671293
23810212
21699910
21923070
21308806
22285384
25984411
21075684
21316912
24363416
22981045
24721013
23373079
24816362
24491683
25985651
25795692
21179524
21664596
22895831
21673911
22931013
24073212
23380199
22163055
21734488
25601911
23593321
25336060
23091929
25602571
24273176
23229413
21885654
24295669
25454926
25410984
24937952
24047117
25221990
21218550
23689406
23215374
21488260
24950691
21345843
25059949
23195961
24738072
21260809
21057962
21608153
23728483
21003737
24607261
23582841
22961441
25787073
21318509
21827182
24017502
23551051
24438555
21318975
22087316
23685039
21698623
23584726
25763180
25266995
23126887
24812555
24285116
22270924
23270828
24664332
23409125
22010239
23396282
23253529
22251561
21198707
24805418
25143555
24593599
22919409
24077283
24015609
21614856
24294410
23658612
21215811
21377382
23070719
23967920
21968846
21332013
22344936
21069853
25658363
21448244
21991384
24541803
23731423
23662755
25512472
25267109
23787557
24876311
21330014
23662581
25634410
23935733
22534203
22774336
25392204
23700169
23551835
25850569
22015802
24223512
21284942
25655837
25890602
22978554
25594242
24458461
24620164
21239253
23423619
23795419
25606060
24084488
21834782
24491268
24576366
24825825
25543678
25907578
23286947
25407579
22497396
22077002
24061773
22059417
23086872
24382021
22522002
24690675
25544577
24285348
23200724
21887759
22916262
23205216
22397760
24847980
25965205
24590582
25825135
21685463
22161267
21710737
25931879
24692956
23782450
23055960
25913019
25823958
21818600
22075321
22055013
22730026
21279747
22202525
24217137
25201629
22231574
24289861
22595978
22617637
25767364
21169845
25121306
24699491
23080115
23089900
25979681
22398631
23079009
22818861
24172802
23945674
21874148
24514370
23473212
25777575
23027783
25983518
25999183
24302658
23619748
21917426
24278415
22190492
25046890
24897896
23604089
24730017
21202278
23831815
23343543
23377033
23407627
21200787
24423464
25812276
21318686
24216544
25590495
21304732
24459253
22819036
23965056
22529247
22581574
22298966
22615923
21183000
25446704
24173233
23034476
21074711
24987165
25770759
24605821
21581690
22716316
22049498
21803581
25028819
24817528
21474370
25739355
25328723
25211463
26025432
22919324
23009696
22516858
24945882
23664961
25831910
24040493
24492096
24811207
22299499
21610176
25548608
21240045
22725446
25740979
23948342
24143348
22900253
23728971
24640124
25801903
22018609
24029500
23975672
25446864
22328448
21146324
21656626
25559176
25443479
21966490
25912303
25405639
24413168
25738768
21777958
26016627
24868521
21389677
23593955
25041578
24016985
24269741
23815752
23033142
23314326
23634047
24155028
23896782
22188619
22488503
24688616
24166658
21102507
25248244
21421802
25676263
21414485
24096499
24394854
21650765
25778381
22211008
25515115
24948965
22319438
24135153
25838865
21939973
25268990
24350754
23872547
22385333
25496013
21299346
24192645
23112280
21864242
21928925
21006213
24343618
21002980
22204351
24050509
25283771
25555323
23036924
25213174
21763563
25377572
24792946
21324438
22239118
22824275
25287617
24943187
22564982
25855186
25454786
22204926
23448390
23271078
25127553
24106261
25602239
23128667
22464914
24487734
25890744
22056825
23683262
23280752
24825586
25681155
22212183
21495583
25428671
24529886
24305039
22258748
22091803
22690929
25119470
25223019
24743988
21605127
25136940
23038047
23704007
22351883
25887008
24260041
21937231
23692733
23659272
23124026
21570833
23759822
23564229
22642581
23505475
23636925
22644977
24327198
22389610
23804330
25841346
24456707
22778570
25551732
24998684
21948106
23384669
22777069
23162545
24369190
25443977
21428273
22061822
24830492
23392731
24622567
22030024
25531364
22434199
23229857
22197309
24056104
22980767
25472365
24477591
25136238
23150044
23252903
21735033
23701368
24079634
24884364
21176893
21800634
24205902
25332571
22793855
23769393
23260824
25555165
23344261
24537599
22612782
22781460
21931819
25421281
23286836
25582286
24260218
21743672
22102738
21950102
23423208
23997533
25795166
25689592
24413623
25989016
23071173
21238901
24965405
24421966
24343379
23145059
25436297
22006106
22776633
21945449
23933485
24229583
25171293
24842011
22051605
21477213
25303441
23980269
24601873
22232809
21434661
21642746
21069102
22364582
24724969
22406720
22924737
24042429
21568664
23424956
22284641
25343570
21379259
22517359
23013193
23351692
24598595
23147485
22810516
25457663
23479730
21462026
24534453
22942654
21327894
24244843
22120715
22352664
25887674
22923922
25453179
24780906
22225195
24932878
22763420
25940147
23408069
25824954
23114042
23523967
23713967
24191321
22838559
22333334
25395257
22070741
23772150
21313682
21532106
24632167
24476198
24673093
23881155
22726680
22537700
22390660
23213580
25966146
22039646
25314480
24064432
23568672
21576973
23093203
26018761
25063923
24215748
24859384
22334075
23171265
21475885
23291260
21477825
22417319
21318066
21287312
21610281
21103289
23058645
25390846
25971705
23557621
21432773
22200566
23226009
22698974
23017418
21214815
22893189
24558182
24152252
23040049
23940193
22469616
25499935
22557559
21429202
23660517
21942943
24467598
21040962
23175244
25279070
25067486
21285390
24076402
23118507
25356797
24031654
22705490
21880197
22601193
24893169
21867736
21528856
25494718
21440290
23798027
25518041
22232887
25076180
22586142
25682378
25414728
25380906
22930406
21037143
24498753
24996469
25660846
21585396
21343979
23878631
24954769
23649896
23723338
25941074
22156032
25525872
23239512
24413588
21997381
25959522
26016643
24465612
21669920
22096151
22106753
24019520
24482737
24615807
22651198
22508894
21780007
23357202
21100269
25335658
21171555
23453090
25843541
25814620
25176163
22025183
24639378
21730427
22148729
22756862
24529331
24308598
25179218
23870866
21975861
25052403
21722476
23642585
21296287
23657664
22691927
21776534
22955537
23708911
25784792
21249984
21065453
22483825
22599238
25518965
22219527
22892939
25868914
23195990
21293815
25955633
22918845
22620263
21200365
22384067
25479285
24131791
24989453
25341345
22254919
23433002
21022210
25503716
24763632
25921302
23349663
25627665
24802419
25019292
21539120
21315482
21082095
21842010
23130249
23465707
24699755
25628219
24831661
22507510
22791218
25002765
23572327
23587162
22498469
24189524
23495649
22368419
25795173
25514876
22719103
23642750
22659653
22338178
23581112
25371959
23799713
24768178
22338220
21618510
22489948
23191878
21858519
24398523
25903961
23266700
22537027
25478478
22854729
23919556
21903521
21279232
22301289
21877838
22569262
22631305
24527463
21154277
23651425
24862383
22596179
21254786
22201026
22604703
25833481
23324561
22905225
25405199
23662523
22570604
22283715
22803782
25404399
23249315
24820266
24944416
25110570
22210609
24866135
21712996
24208033
23071088
21400930
21626700
21739301
24484174
24548582
21067168
25729441
22578031
24128500
25057099
25815099
23364530
24355902
23073776
21002869
23562983
22066882
23990031
21291951
22956297
22497624
23684440
21466898
21597418
23581441
23433030
22121321
23137849
21368931
21423533
21177945
25434607
26023397
25410449
21334067
21649370
24001677
22128315
23510485
25159476
24875276
25256834
25969147
24380605
25274072
25116219
24159411
23078997
22058021
25780450
23546199
24693377
23989477
21935601
24176900
22896301
24956298
23597969
21429809
25487758
23719424
23580806
21868940
23159537
22742050
24136821
21561172
21129294
21824459
21739755
24669167
23179796
22437203
25013381
23146346
24841501
23114344
24679219
22339909
21454020
23550111
21167725
25433733
23032814
25699752
24613192
22722711
22407419
25712413
24661471
23529843
23934695
25839400
22506873
22145325
24259166
25240684
21543947
22241656
25725835
24978716
21604775
21789394
21911187
23433889
22467611
25325642
23180124
25597868
21392515
21513153
25283756
21151429
25391698
24536466
24986376
21534792
24308162
23089127
25270922
23367123
21036265
22079787
23731820
22235464
22178439
25640292
25680546
25019263
23179945
23913998
23842091
21446774
25304631
22091241
24004966
25202735
22801650
25425721
22530880
25972590
23179627
21788286
22742035
23206077
24871103
22684806
24003242
22121151
24192776
24938125
25518449
25498282
24679494
24609331
24323047
24616735
22667048
21907499
25161199
25801154
22243449
24990263
22438733
25690371
25567077
22434006
22873599
22678694
24155370
21350384
23014958
23249565
22541949
24176288
22241384
24610507
22250939
22304228
22011388
24636706
21912212
23696374
22025951
25860467
21505197
23390047
21582132
22047440
25357170
22069513
23715636
21360465
21150929
24603723
24157669
24604774
21117646
25373619
24450757
22639195
21946762
24576026
24727472
22665464
23442763
22681007
24461189
23920293
22168605
21195876
23336123
23176364
22314005
21890849
23959969
21409382
25628712
23245455
21420542
22381060
23822979
22222486
24681528
22983003
25642677
21745717
26008700
24190777
25151815
22052221
23494757
22724970
25150434
24314409
21196414
22670803
23846743
25549324
23891615
23214286
25436196
24257251
25488621
22664874
22961134
25178146
23043454
24771401
25313124
25694725
23997687
25663305
22103329
25353610
21253293
23942771
23359225
23034878
21718297
25815386
25250554
22437986
25012258
21482519
21443424
21928860
25179564
23631756
21237363
21894181
23313212
23685761
22590570
23097850
25664048
24111099
24652797
23988441
21231908
26025347
24063059
21006687
23766744
21837881
24837475
21659238
21651827
21353250
23174871
25355868
22753919
21283963
25806069
25334912
25931242
24231864
25285865
22902510
21036992
23688732
23696716
24385087
22785107
24712089
22383375
25035289
23854727
23713710
22648553
21422583
23993966
24975061
23952423
23679561
21823843
21052528
25912010
21821468
24295844
23746234
22633561
21865474
22479360
22739128
21632530
23950873
25464773
22033337
24117275
22676223
24219855
21781717
23707210
22545330
22456021
22971656
23224973
25103163
21052224
23373183
24264331
25154364
23086921
23545885
26024698
23821727
22759758
25473403
22308198
21021980
23340478
24039613
23847797
24192594
21184020
22387827
22249019
23330383
22250928
24809887
25581818
21691386
25180203
23786141
23076103
24013696
22680888
25153502
23091179
22007743
24547179
25663933
22088402
23050285
24532901
25373186
22467772
23899588
25555958
22104507
24136013
21256117
23312951
25563748
21296035
24498318
22219415
23051880
22809817
22220307
21300674
22969475
24826478
22968315
24083973
23971323
21303263
22414713
25444227
23060463
23262849
23293816
25462189
23788648
25152276
25742913
22557457
25131915
21602651
25997998
21629938
24838142
22845605
25915027
21033301
21066770
21808582
24919065
21547055
23494476
23717468
22405111
23912663
22507377
22764939
25781290
23617163
22921390
24184271
23148660
24037862
21281861
25848217
21257762
23313055
22397211
21405002
23853311
22649945
23823167
25022160
22597103
24258192
23973960
25894399
25705216
25236368
22679771
21918602
21400200
25869606
23009535
22885458
25159463
24904719
22677874
22947593
21367414
21535904
24994765
24349230
21984493
25942753
25485459
22207515
21536160
25777389
21420792
22656158
25847795
21421184
21378380
23355242
23623922
25190127
22922080
25147006
24208918
24635039
23130894
21257226
24930030
21863075
22695497
21247400
23149928
25346422
21641324
23228939
24686562
21521919
25700035
24014160
25972213
25447850
22649016
22473217
24810745
22057672
24165356
23239232
22722413
23739314
22712088
24823837
23738061
22965050
25898679
25051132
24195458
21184018
24463563
22919052
25121071
22852987
24564085
23433897
25451332
24722747
22381440
26015810
22809373
22863807
22268589
22045186
23548592
23011738
21157427
23392301
25513281
23231711
21397924
23553771
21276561
21269825
21345351
23684248
22098513
25090065
21713265
24936419
24388067
24326305
25559517
24223822
21504028
23666401
21192461
26026514
25570491
22125697
22601622
23353070
21174855
23431830
23184379
25146783
21234459
21121330
22904122
25299342
22921138
25771475
25825971
25589564
25016554
22405202
23644244
24566998
22022368
21141244
25954277
22985039
21226423
22180652
21641215
24733082
24845273
21991372
24698167
21258238
22819377
25899698
25984406
25973242
24422080
21212280
25324419
22999844
22093301
24989721
24360360
25375666
24150137
25546882
24082214
21943252
23131690
25967553
21679087
24820174
22780019
22169007
23769860
25894317
23184364
21398209
23192985
23461367
24822915
25335781
25667485
23442731
23230998
24287199
24592453
25422532
24379006
24738325
23009732
24521857
24752018
24515976
24168355
21090699
22632926
22255913
23234798
24836958
25568240
23166710
24428308
21442644
22178522
22557400
22904133
22548877
21676239
21502248
24055423
22091364
24723957
25895027
21026462
22350830
23392835
21841573
22066262
22652209
26015307
23341275
24082739
21230319
23468056
21738737
23244022
23391170
22360349
24763827
24627824
25631454
23812174
23180156
23852163
22890615
24156681
25673037
23209044
25677188
25591244
21218117
21495811
25212855
24296656
22182871
21859490
25386615
24133512
22036155
25138701
25955555
23006353
21872965
23226452
21886391
21769546
21120571
25050300
23357863
25438137
25790902
21911120
23494714
24608985
23512419
25251593
23213255
25515485
23959312
22610739
21236557
21824751
22650839
22961909
22245622
21869523
22865811
22784759
22996690
25339019
24517717
25559216
22852413
21683343
24002937
22363793
22595923
21495346
24466655
21655959
23471844
25831220
22724080
22971630
25476905
21639191
25291213
22215643
23017842
22773799
22458353
23712547
22030981
25637471
22220066
21936518
22360957
22074281
22882744
25905214
21246749
23236088
24988575
24059095
21854243
21638935
21043857
24398850
22060563
22836818
23456826
24179000
24446966
23272194
21364048
23785470
24765365
21002283
25749900
24549495
22960907
25800354
21499532
22453006
21463469
22456596
21970609
22598602
22965875
21163693
24022518
25601898
23835180
23775435
21261898
21825122
24655933
24028881
21246072
24011838
25061977
24159018
24194585
21382092
22940546
21333239
24017857
25634207
24463917
22224352
22628757
25986533
23003197
21449197
25509214
21800098
25893395
24855866
21723203
22300466
22568066
25673664
22724582
21547500
22247741
26016890
25741464
23624252
21022857
25876503
25390825
25742303
21523482
21081017
23134164
23551122
22007955
21985061
24855706
21955855
25894743
24274818
22878702
23487241
23174915
24903011
25870929
25072495
25823268
23127885
24115902
23727670
25350078
21981965
21050265
22036583
21209887
24907413
22959362
23772589
21556987
21088317
24984367
23323336
25190596
25312347
24525181
22905769
21223903
23897169
24757738
25565504
21670357
22336063
21778118
22985790
21191042
21015952
22909786
22206785
25678226
25745925
25848594
21767199
21451642
21929654
25174252
21326453
25494709
22029712
22086627
22637160
22162367
21797730
22351244
24071386
25658664
24790736
23595036
21589296
23526788
22332002
25948847
25490944
21500165
25529960
24793378
24917188
23569949
21529476
26010099
26005722
23182817
22297507
23395007
22254512
22091897
22663257
23338897
24992940
21486680
22350076
21736805
22402745
21209478
23917512
22245649
21130695
22556926
21894142
21496134
22141100
21259347
22732778
21088469
22716904
25206164
24750141
22104052
23449182
21395133
23443604
22272961
24559820
25001035
24399778
25716546
23071282
25059566
22483889
22711188
22854043
21207612
22437316
21298994
24551548
24936242
24594021
24931565
25538431
22245896
23469852
25431587
23551025
23565351
22831843
24768069
21483947
24131696
25264472
22106512
21143682
25838279
21013192
24280935
24787391
23716953
23993386
25577947
21852356
22763946
21904017
24053482
22335384
22139249
22168848
22463575
23370318
22877232
22889664
21294208
24048315
23436313
23170562
22358243
23456882
23554011
23446213
23333753
26018144
24180492
25908296
24631868
22631675
25282955
21136349
23813442
25634631
24564884
23104239
21621357
25165246
22814556
24858828
22127409
23807452
22454527
21267411
22465619
24352912
23281261
22468287
24093595
23666708
22944603
23719926
22668590
25023004
24434303
24669810
23134746
25038114
23700679
22453970
22670472
21454147
22142794
24714774
22646343
23866237
25327834
22141687
21893052
23682252
21675351
25694423
23578730
25290357
22628324
22354155
21392410
24628163
21403330
22818815
25115380
21314176
22989443
25185435
23025189
21989744
23287872
24316440
22749684
23817447
25261081
22719022
21183896
22970932
24558454
22230482
24741345
23682810
22700065
23388348
22574889
25376362
22178783
25971029
23914797
21536287
24614669
25750959
25689211
25801409
22602173
24312239
24605580
23452730
21600374
24393388
25889411
23201504
22507040
24550787
25621727
25994465
22570587
22525254
23238703
24945068
22303799
25703301
22973348
21858272
21273531
25388042
23237968
23258567
25613054
21970157
24634094
23318918
25031574
21506175
25893114
25677794
21899412
21108743
25864184
25119962
23980897
23572736
21873413
22501327
21422666
22211271
25285412
25326492
23606433
23334115
25409768
25966168
21245525
24613144
22934895
25640767
24206562
23779731
25869113
24383858
23709908
23315309
21589336
23776773
25258553
21261630
21145239
21747706
24036716
25422268
21441853
22742984
25899797
25876512
21141404
21999410
21088058
25315209
21593335
24937688
22670717
21107485
21827421
24917999
24228937
22420977
22370657
22601412
25377613
23512144
23751090
25719994
22656807
23089831
24545493
25979022
21910739
24066287
21688568
21977310
22754537
25248231
23874911
25588482
22261212
22617450
24179014
24775864
21266822
23990532
25597590
22612819
23624000
25320378
21177967
23087552
24118660
22638094
22407351
21731449
23545955
23875443
23982319
25457687
25276628
24012802
22780783
21168766
22899513
23590124
23495865
23330706
23739564
21305193
23256163
24205956
22352436
22090357
25040390
25740301
24761563
23689479
23915980
22482777
21053525
21613326
23956836
21465863
23092418
24120658
21617507
22694729
23689782
22846233
23333078
21332477
24956783
25315595
25273768
21984540
23891936
25527514
22662584
23275322
21111933
21057252
24613733
23691845
21853557
23177222
23639414
24746013
23381470
23564546
23812728
25642374
22727557
21570248
21829623
21039196
23584573
24678886
25313705
23682999
23165983
23941784
25283385
23496597
21362199
21258350
23428757
23004226
21331728
25509232
22249148
22221765
24666809
23135602
24245441
22610956
21026060
21894538
25999766
24276769
25842495
25524859
23183593
24868402
21234831
25089616
24723914
21262362
21560384
24678229
25295065
23062352
23841923
22350196
22110305
24542975
24952964
22903833
25338187
25491860
21845476
22044797
23131145
25016312
25555500
21506136
23926861
22645771
24284922
22368028
23202737
25794543
24220706
22206487
24381393
25796377
23623020
23416698
21188966
23284491
23815498
23753520
23988272
21368660
24326893
22957710
22135641
21955635
24807220
24589279
25679811
22675643
25673150
21687634
21214849
23742558
25690444
23719205
22228196
21507067
21566760
21189849
24813850
22623693
25993197
22527094
23277811
23371583
22468767
22497221
21663554
21147609
24413764
25861918
23008933
21869122
23337252
23025524
24242107
25741640
23132981
23508795
22844334
22159985
24205772
23117224
22795168
25096269
22910999
23651252
23280829
21012663
23415740
21862499
25015113
24162673
22539483
25283928
23202810
23571896
22491494
21778176
24328730
24742501
21006410
25954729
23852790
24840609
23723226
23054808
24940766
22108039
24646927
24609059
22020186
21588745
24910362
25886375
23387902
22675483
22627770
21370502
23442347
21318470
23168223
21540256
24156284
22060576
22261585
25665141
23425488
22981799
25563805
25967054
21938198
21625814
25362395
25321287
21155983
23594207
24004855
24693143
25321013
22885209
25607495
25545818
25195810
22973910
21634492
25186492
24866772
24718734
21667214
25128859
24905799
25347760
23127829
25977344
22324116
21499621
23197865
22003672
21017815
23544445
24884889
22369870
23584958
22065626
25461190
22025785
25206698
25769645
22907156
21963512
25057442
23093289
24734487
23555193
22411530
23797712
21826830
22308679
22690416
25948124
22870997
24723528
23808368
24137382
22649902
22110990
25984922
22996896
24429391
21466339
23096242
24180535
24000859
22716548
21764893
24915406
24369542
25415118
21345614
25751809
25152013
21390582
23535472
24317798
22985864
25101615
24582337
23139015
24287121
23726658
25162230
23593272
21949248
22732211
21477717
23360328
23840415
23426399
22060374
21567013
23373535
24870096
25229547
22673566
22436638
21858253
23919004
23635530
25189217
24330144
24867514
23686832
26003835
22819725
24460010
23920127
24138812
25919322
25065108
23868885
21267110
25817950
24587593
24114983
25003892
23167774
22002464
25228094
23835230
24874452
23386110
25479214
25016053
23911921
24575378
21226596
22680802
24141542
22914923
23098201
22186596
23773876
24428909
25388570
24055219
21619285
25656497
25509408
22751027
23273077
25699112
26005419
25225598
25075775
23696171
24591917
24370085
24994107
23161396
21773300
25376383
24601151
22615868
24320258
24645180
24667086
21428924
21785370
23369267
22981071
22604494
22463242
25709076
25181300
23100158
25823621
24794295
25266869
22168112
22776326
24241422
22484800
21643107
22773994
23421515
23220476
26021014
23632285
23370568
22499449
25482276
21166571
23908876
23195824
25704804
21204272
21314508
22241177
24406928
22337804
22500209
21461229
21624163
25705120
22638417
21472037
25558846
25155195
24516785
22584104
24213428
22757124
25684767
23319041
23748625
24409852
25284903
25010504
25750213
25027368
21325026
23525750
23936399
22925503
23488940
23530005
23427789
23445276
24449227
25914354
22009130
21954676
23906549
24519254
25520386
23750673
25194989
23857314
24309268
22349689
22182662
24019264
25978218
25020193
25281161
24605996
22880715
24115344
24357217
23845786
21983596
22715448
26008881
21363893
24634680
24842463
23142204
22992554
24800158
23931472
22755018
22149225
25779684
25552494
21725930
21609233
22769497
22948372
23502672
23208154
22653189
21254827
21344833
21261720
24498376
25462426
22094546
25647770
25843714
24799840
25417361
21356130
22455812
22326293
23825836
21804182
23318317
21589524
25253723
23448293
23018966
23038493
25474675
24353683
24150625
25658815
25352871
21847595
23054490
22488113
22196153
23658050
22940408
23252199
23536180
22125263
24217668
21248210
21021763
22969421
24739484
22457866
24172411
21770083
22318409
21607583
25748376
24370778
22884009
25715839
25882983
23025151
24193029
25006665
25961834
24593259
22802175
22080914
21125464
24920034
21516424
22828754
23011228
25289157
24910189
25442550
22550558
22671553
25277250
21729612
23942939
25604199
21936066
25367169
21537983
24040786
23222484
23359636
23598479
24185089
23657765
25927489
24092764
24953872
25949414
22903126
22736556
23239988
24420994
24196311
24286213
24564759
23174990
22713402
25621450
21884485
24275619
21340314
23554912
21989372
22405725
22013747
22506253
22931910
23006841
25137984
22591084
25775315
22003791
25347403
25102173
23893786
21789735
25484166
25174999
22074389
23668224
21906268
25903184
23143824
22186322
21491590
23711881
22696534
21877187
21946447
21358710
23045713
21737235
22253709
23037443
24382386
23671755
21415031
21320536
24866858
22481675
23008044
21064689
22870108
23008270
24990719
23487620
24416353
22427549
22994308
23837325
25723028
23136323
22141937
21193524
24302705
21764529
25076442
23260893
21331512
22385572
22840802
22984475
22700761
23484001
24358125
25616140
25415583
21484757
22968179
23398626
21836019
21153939
23591695
25491215
25496543
23444394
21151236
21326655
21012269
23754406
22564599
21979415
24184256
24105944
25977611
21261807
22581006
24352878
21210552
23758682
24322226
22970008
23799225
25095422
23005304
22676389
25465451
25719721
22448306
21195607
24306832
21536105
25384605
25188446
21569948
23149668
24173894
24247868
25523928
23855409
25332058
21742824
21565302
21501007
22267745
22507957
22125035
24144121
24515885
22788210
22105403
25749985
24996426
21621123
25850541
25448049
23888190
24239243
23592646
21892683
24186707
23534527
22045466
24313035
21078710
21277714
22725066
24820858
23723783
25176806
22787429
24124522
22289247
23523462
22428759
25031286
22087147
21253179
25306097
21882180
21911974
25757003
24563617
25971468
24010701
26026020
24911934
24903732
23016870
22104476
25478062
21674331
23243166
23113792
21771221
24760095
22569898
25530634
24561271
25308933
24769987
23519195
23297112
22068297
25451082
21457258
23838360
21130849
23067320
25975656
22178978
22034227
21700077
24689724
21022450
22142921
23148090
21892165
21326504
21886477
25789852
21086786
24877997
24213644
24415267
24736710
21597816
25189630
24042602
22942268
23237277
23784526
24805204
21288922
25054638
21686999
24336655
24063229
22661011
22422376
21096934
21029916
25625373
24116600
21557075
24495249
22379611
24866257
24582726
21266198
23050861
24366418
22640879
24593155
23748506
24085197
25843569
21556239
23198250
23413672
22765897
24430495
23260184
23478764
21362785
23344175
21594378
21969312
22563929
25723562
22266497
24411861
25884512
24530243
25594704
21471074
23231623
23205259
23106705
23748477
21913418
23847768
25826312
22820090
23447431
21751188
