24840708
25118097
23478375
21402819
23494420
22016595
25109058
23810018
23225744
22631713
22747424
23201812
22901418
24861995
22494145
25354105
25228214
23445730
24918338
24156146
21229374
21241892
24235019
25850628
24986318
25200971
22217328
23937855
25044455
24301024
25756562
25065816
21181426
23398572
23458824
24181307
25765284
22417535
25180438
22589575
22179521
21263276
25984683
21605809
26019274
23415114
25341011
23411790
22110203
22549626
22559373
21104398
24127998
21021466
23450206
22198595
24524268
22609848
22849217
21428902
24521296
23884603
23120016
22721505
21033792
21791904
21034815
23461823
24019238
23355926
21498672
22206367
24503689
23001150
25826895
23248804
25225487
23107314
25427814
23492247
24366064
21164993
24030236
22552748
25122544
25325992
23999523
21722859
24051273
24563495
25024937
22112701
24479708
25731354
23659681
25072225
25493169
22363511
25506235
23224900
21965573
24211856
22681689
25591603
24510337
24982711
22307287
25741585
21633668
22461295
22629904
21777009
25059933
22923548
21232825
23766882
22970062
22168296
24522964
23498536
23076694
23379350
21414826
22631212
23839487
25366092
21070217
22211386
22974393
22233320
24141221
21760629
23076015
24024680
23735971
25162152
21647917
24568963
21342592
22253328
25347000
23765510
25842548
25175597
21018209
22171356
21990224
25978137
21544894
23828459
22478507
25197871
25853259
24669716
22944821
25029162
21838973
22658087
23887321
22799115
22668905
21506816
21459503
21771792
25197654
25377138
25913100
25657564
23483054
21780013
22874054
25616535
23092043
21638614
22601000
22414675
24032673
23220319
23452702
21673068
22273006
22083300
25900812
24262014
23089855
22294316
25398780
21592776
25960697
21785657
23054477
23552399
23697808
23155103
24864027
22193223
25662418
23522111
23187843
25371775
21903811
25847637
21817769
25540865
22230593
22359396
23631767
22823135
21468769
21995742
21414792
25164104
25503171
22465254
21587094
22326127
24394486
23738530
25919553
21048246
22764123
24078660
24100856
22313372
24365738
24539569
21238074
24535202
24978313
25023909
21016087
25551773
23150251
25560627
22671293
23810212
21699910
21923070
21308806
22285384
25984411
21075684
21316912
24363416
22981045
24721013
23373079
24816362
24491683
25985651
25795692
21179524
21664596
22895831
21673911
22931013
24073212
23380199
22163055
21734488
25601911
23593321
25336060
23091929
25602571
24273176
23229413
21885654
24295669
25454926
25410984
24937952
24047117
25221990
21218550
23689406
23215374
21488260
24950691
21345843
25059949
23195961
24738072
21260809
21057962
21608153
23728483
21003737
24607261
23582841
22961441
25787073
21318509
21827182
24017502
23551051
24438555
21318975
22087316
23685039
21698623
23584726
25763180
25266995
23126887
24812555
24285116
22270924
23270828
24664332
23409125
22010239
23396282
23253529
22251561
21198707
24805418
25143555
24593599
22919409
24077283
24015609
21614856
24294410
23658612
21215811
21377382
23070719
23967920
21968846
21332013
22344936
21069853
25658363
21448244
21991384
24541803
23731423
23662755
25512472
25267109
23787557
24876311
21330014
23662581
25634410
23935733
22534203
22774336
25392204
23700169
23551835
25850569
22015802
24223512
21284942
25655837
25890602
22978554
25594242
24458461
24620164
21239253
23423619
23795419
25606060
24084488
21834782
24491268
24576366
24825825
25543678
25907578
23286947
25407579
22497396
22077002
24061773
22059417
23086872
24382021
22522002
24690675
25544577
24285348
23200724
21887759
22916262
23205216
22397760
24847980
25965205
24590582
25825135
21685463
22161267
21710737
25931879
24692956
23782450
23055960
25913019
25823958
21818600
22075321
22055013
22730026
21279747
22202525
24217137
25201629
22231574
24289861
22595978
22617637
25767364
21169845
25121306
24699491
23080115
23089900
25979681
22398631
23079009
22818861
24172802
23945674
21874148
24514370
23473212
25777575
23027783
25983518
25999183
24302658
23619748
21917426
24278415
22190492
25046890
24897896
23604089
24730017
21202278
23831815
23343543
23377033
23407627
21200787
24423464
25812276
21318686
24216544
25590495
21304732
24459253
22819036
23965056
22529247
22581574
22298966
22615923
21183000
25446704
24173233
23034476
21074711
24987165
25770759
24605821
21581690
22716316
22049498
21803581
25028819
24817528
21474370
25739355
25328723
25211463
26025432
22919324
23009696
22516858
24945882
23664961
25831910
24040493
24492096
24811207
22299499
21610176
25548608
21240045
22725446
25740979
23948342
24143348
22900253
23728971
24640124
25801903
22018609
24029500
23975672
25446864
22328448
21146324
21656626
25559176
25443479
21966490
25912303
25405639
24413168
25738768
21777958
26016627
24868521
21389677
23593955
25041578
24016985
24269741
23815752
23033142
23314326
23634047
24155028
23896782
22188619
22488503
24688616
24166658
21102507
25248244
21421802
25676263
21414485
24096499
24394854
21650765
25778381
22211008
25515115
24948965
22319438
24135153
25838865
21939973
25268990
24350754
23872547
22385333
25496013
21299346
24192645
23112280
21864242
21928925
21006213
24343618
21002980
22204351
24050509
25283771
25555323
23036924
25213174
21763563
25377572
24792946
21324438
22239118
22824275
25287617
24943187
22564982
25855186
25454786
22204926
23448390
23271078
25127553
24106261
25602239
23128667
22464914
24487734
25890744
22056825
23683262
23280752
24825586
25681155
22212183
21495583
25428671
24529886
24305039
22258748
22091803
22690929
25119470
25223019
24743988
21605127
25136940
23038047
23704007
22351883
25887008
24260041
21937231
23692733
23659272
23124026
21570833
23759822
23564229
22642581
23505475
23636925
22644977
24327198
22389610
23804330
25841346
24456707
22778570
25551732
24998684
21948106
23384669
22777069
23162545
24369190
25443977
21428273
22061822
24830492
23392731
24622567
22030024
25531364
22434199
23229857
22197309
24056104
22980767
25472365
24477591
25136238
23150044
23252903
21735033
23701368
24079634
24884364
21176893
21800634
24205902
25332571
22793855
23769393
23260824
25555165
23344261
24537599
22612782
22781460
21931819
25421281
23286836
25582286
24260218
21743672
22102738
21950102
23423208
23997533
25795166
25689592
24413623
25989016
23071173
21238901
24965405
24421966
24343379
23145059
25436297
22006106
22776633
21945449
23933485
24229583
25171293
24842011
22051605
21477213
25303441
23980269
24601873
22232809
21434661
21642746
21069102
22364582
24724969
22406720
22924737
24042429
21568664
23424956
22284641
25343570
21379259
22517359
23013193
23351692
24598595
23147485
22810516
25457663
23479730
21462026
24534453
22942654
21327894
24244843
22120715
22352664
25887674
22923922
25453179
24780906
22225195
24932878
22763420
25940147
23408069
25824954
23114042
23523967
23713967
24191321
22838559
22333334
25395257
22070741
23772150
21313682
21532106
24632167
24476198
24673093
23881155
22726680
22537700
22390660
23213580
25966146
22039646
25314480
24064432
23568672
21576973
23093203
26018761
25063923
24215748
24859384
22334075
23171265
21475885
23291260
21477825
22417319
21318066
21287312
21610281
21103289
23058645
25390846
25971705
23557621
21432773
22200566
23226009
22698974
23017418
21214815
22893189
24558182
24152252
23040049
23940193
22469616
25499935
22557559
21429202
23660517
21942943
24467598
21040962
23175244
25279070
25067486
21285390
24076402
23118507
25356797
24031654
22705490
21880197
22601193
24893169
21867736
21528856
25494718
21440290
23798027
25518041
22232887
25076180
22586142
25682378
25414728
25380906
22930406
21037143
24498753
24996469
25660846
21585396
21343979
23878631
24954769
23649896
23723338
25941074
22156032
25525872
23239512
24413588
21997381
25959522
26016643
24465612
21669920
22096151
22106753
24019520
24482737
24615807
22651198
22508894
21780007
23357202
21100269
25335658
21171555
23453090
25843541
25814620
25176163
22025183
24639378
21730427
22148729
22756862
24529331
24308598
25179218
23870866
21975861
25052403
21722476
23642585
21296287
23657664
22691927
21776534
22955537
23708911
25784792
21249984
21065453
22483825
22599238
25518965
22219527
22892939
25868914
23195990
21293815
25955633
22918845
22620263
21200365
22384067
25479285
24131791
24989453
25341345
22254919
23433002
21022210
25503716
24763632
25921302
23349663
25627665
24802419
25019292
21539120
21315482
21082095
21842010
23130249
23465707
24699755
25628219
24831661
22507510
22791218
25002765
23572327
23587162
22498469
24189524
23495649
22368419
25795173
25514876
22719103
23642750
22659653
22338178
23581112
25371959
23799713
24768178
22338220
21618510
22489948
23191878
21858519
24398523
25903961
23266700
22537027
25478478
22854729
23919556
21903521
21279232
22301289
21877838
22569262
22631305
24527463
21154277
23651425
24862383
22596179
21254786
22201026
22604703
25833481
23324561
22905225
25405199
23662523
22570604
22283715
22803782
25404399
23249315
24820266
24944416
25110570
22210609
24866135
21712996
24208033
23071088
21400930
21626700
21739301
24484174
24548582
21067168
25729441
22578031
24128500
25057099
25815099
23364530
24508223
24776976
23807342
25488165
22193187
24625335
21784475
23076469
25838171
23900488
23389340
22800960
25196664
25984360
22688398
21220059
24911286
22567024
21273374
23449081
25761939
25145220
22206444
22876735
23542169
24101332
21507942
22335693
23829417
23992861
24715220
23163461
23499338
24508424
21734629
24840897
22468939
25656742
21619679
23796354
23660733
24518313
26010152
25934862
25171863
24315085
24114661
23254279
25689403
22663804
21658813
24667151
22365206
22112214
21508954
25470493
23665329
21225959
22350904
21004573
22551966
23690353
22808308
23566146
22569115
24164375
23808540
21905353
22355800
23157994
21941450
24819915
23368291
25929614
22772493
24250734
21889733
21562666
21007418
24576209
25993168
22021270
23307024
23480225
23558715
24146679
25738914
24786686
21659468
24768580
23507898
22223814
25527713
24472829
22377393
21074450
24285041
23065186
21637427
25193651
25282210
25736663
22666461
25097729
25779569
25807615
22263959
24697472
21790133
24002379
22518001
25152477
25915011
25689206
25466037
24479250
22382965
21286448
23222558
22960176
22812216
23590742
21783560
24790834
25543090
24058359
23676611
21594713
23744809
22835071
23999693
23949653
22469659
21877047
22126269
21466505
24298101
22722033
24797776
25732149
21392561
24005396
24707120
24004106
24202204
25507526
23439596
23416914
23930050
25491324
22360293
23075488
25177051
21062548
21897918
23499173
23324327
23099511
23659033
23729293
24386329
22728370
25553739
24849965
23596807
23101406
24348570
22018834
23932917
21700265
22236612
24990862
24760672
25904661
22421300
25588265
25520271
25814453
23632747
23395756
21207595
24027887
22527638
24673631
24808753
21071557
24501581
21671241
24957162
21562242
21763716
23731712
22898406
23135396
22360423
24674201
25811930
22619264
25881235
22158392
21603727
21950206
24073316
24753639
25638063
21181918
21692816
23499740
21970410
22268919
22614357
21300152
25748993
23912994
23995125
22034531
24231648
25478423
25773873
24188074
21422187
22923270
23593228
21082052
22749140
22644654
22193047
25309455
22316426
25991355
23718590
24004075
23962128
22632028
25275168
22068147
22106534
25860583
22374018
25282498
22601382
22342117
23616384
24508176
25209983
24781933
21435753
24633104
24984639
24901278
22529272
24385018
22051944
21522422
25895569
22941827
22778796
21613227
23249075
24439516
24363423
21902708
22789123
24959695
21332160
25013683
23083364
23841577
25995478
22337993
23357322
21933327
21041499
24507297
25794899
21360783
22139330
23003829
23354765
22552785
21032335
21231633
21491439
23244354
25255506
22451187
25635481
21994204
25162062
23771719
23471040
22294675
21075894
24200132
23812679
23964719
24066875
22660857
24761066
24646301
23384892
23462017
24223804
24373201
25141112
21332625
22176385
22187498
24489297
25559419
22672136
25610394
25864888
22270023
23745133
25621170
25717076
24033282
22754630
25629858
24126560
25899293
23434764
21715138
23564804
25466232
23278735
24705948
22769243
21199261
25068570
22487255
24999031
21240056
24947930
25169370
25679192
25443986
24333778
25341785
22824943
22521102
24240961
21315426
25965278
21798858
24336981
24586293
25655639
23042973
23043363
24568321
22483207
22080746
25260686
21622849
25757339
24487405
24853957
23790013
25399292
21994823
21047430
21632764
23459672
25154978
23972879
21441759
22649606
22203892
24248335
25329835
24733458
24797952
23012396
21650037
22430607
22064269
25356650
25566219
21733501
22667000
24209231
24732354
24235663
22246318
22045353
23115334
22244773
25936219
22016348
21930221
23095229
22659222
23241573
24221420
23586213
21946870
24863928
23696369
22920825
25294200
22753680
21476700
21025962
22844629
22428119
23121131
23854764
21796243
21454608
23919336
22721835
21377403
23733824
24784469
24719710
25594879
21616923
24434673
24427301
25866148
21670538
25110643
21461174
22212805
21221187
23523182
22539971
22259165
21452177
25705599
24456915
24422261
24004914
22310181
25786984
21923365
23501416
25208208
21995374
21154431
24809528
21350688
23078859
24886122
21073114
25003596
22782535
23548962
21143386
25993588
24473670
23153966
24384372
24435469
24629226
21916831
24313634
24944138
24587588
23829291
26018715
24084657
22255259
22985880
21960407
21397796
23997978
21412900
23363030
22896995
24183389
23763832
25312208
21909086
25622432
25981015
23191785
23759042
21199601
23558028
21282314
23650038
25586600
25088817
24138533
21696879
23913657
23963598
24193742
22398496
25017310
23764783
21063175
23871757
23832007
24150984
25706588
22000392
24813537
22217097
21025029
24403499
23695356
24147713
21557494
21859817
22776307
23855367
23506192
22294359
22370334
24171163
21214081
21130815
21635781
21042433
25283767
21489056
25530035
21087938
21193866
24849220
24375831
25342985
23944708
23124477
22793442
21776570
25734735
22281412
21353465
25096620
22509087
21752923
24613303
21277183
21190555
22090862
22469375
25592440
21718063
25181105
25411132
21787437
25401713
25575598
24289919
21869254
23095570
21637297
21323014
22855649
24749935
21532746
22526092
21940540
24984319
22075857
21828366
22569012
23713331
23103631
22731447
23601526
24014646
23022534
24777106
24282046
23976369
23461773
21267020
22203256
25753500
25129378
22929404
22125461
24606166
21998144
22795125
24087937
25945556
25728603
22675652
21543756
24112258
23734335
24468712
22598217
22761471
25394649
26022465
23956220
23749189
21502273
21034971
24210841
24797516
21902549
24749010
24247870
25073946
21416883
24592834
24000951
24479395
23121562
25966920
24855918
25318256
23002756
25126112
23426944
23094124
23699703
24993602
23989580
22989184
24104278
25922494
23319142
22991915
26009172
22729515
23333890
25543681
21297369
22901367
25320076
23527865
22535972
21403080
24351267
22215266
23663531
25175796
22620074
22344295
22817767
26007789
24544135
25432343
21288819
21112575
24592558
22587102
23957658
21018348
22090953
21894263
23404553
25066326
21932583
22148535
24669884
23398075
25814504
25604785
22368303
25489418
24715511
24136538
21678027
21909321
25756666
24375855
21942776
25199282
22929263
25090325
23265103
21977693
21814700
23839095
22375287
21788052
23174087
21143062
25906096
21319448
23899681
24663665
23106936
22829880
22333192
23196373
24043227
22199530
21206243
23609053
22584869
24668365
22813825
23885644
25029079
22975853
25999925
23415226
25715794
22925126
24709574
22788681
21668276
24858921
23747849
24169985
25627859
23766578
21695320
24803298
24004746
25774067
25026602
21424814
25106933
21286731
24668671
22389684
25908909
22310332
24969878
21266728
22734462
24143651
22327571
21874093
25230549
21463340
24965553
24877222
22956636
24748889
21601483
23545795
24676446
25952780
25877427
22073195
22933322
22060382
24088434
22164252
21906713
25481214
23946025
25943596
25457269
21445186
21226539
23688997
25244948
25668413
23887885
21837345
24673775
23587903
23044089
25112464
22604712
21971481
23226699
22144993
25872239
24107740
23660216
21206742
21240762
21733565
25158617
24880810
21182051
22916906
23616051
21636993
23070385
22981132
21008322
25275909
21668082
21000260
22622839
22500142
22090965
22470332
24199804
24037651
24491750
22502544
21054217
25053339
25143810
24596871
23854189
21867905
24762428
25059165
21371487
23810147
23758315
21229828
22468603
22053403
21169246
23391441
22514258
24091505
21648311
23084058
22819224
23735877
24731485
24258852
24979938
22414707
24121107
22725686
23998531
25575934
21021115
23623044
25224780
24446572
23516962
25531114
21694658
21438832
25744125
21621116
23121790
23567584
21336995
22410575
25355609
25543623
23779619
24266502
22803986
25469311
24309986
22255084
21286149
25342179
25551154
25865564
21265171
25334079
21170925
25904658
21312945
23839261
21278390
24435435
24554375
22216632
25834790
21568182
22907014
25144617
24118482
23805723
21651192
24137954
21322414
23820941
24208800
23708667
24839992
25605313
26004483
24958459
21293229
22864462
22643193
25752881
24229806
22088777
22848434
21996815
24337639
25945857
24549172
24986638
23672857
22547348
22456083
23256242
25888732
24922192
22365264
21427901
22213819
21942523
21470608
23340682
25281328
23390242
21920244
24986135
21973031
22199103
21632407
23344079
21427050
21078664
22172626
21685805
25301568
24062230
21045423
24856912
22857888
23713945
22472124
25811016
21981069
21007766
24995047
24134158
21663176
23784356
23292184
23865710
24805946
21613350
24193156
23325831
21778969
23435700
23793943
23661103
25741915
24284798
23926525
22764836
23517527
25687738
23933384
25262477
22462395
23591126
22943773
23874104
25107902
23530174
21416041
24884590
21292459
23188802
24406332
22127541
25752117
25159261
23489882
21053318
21694896
23723213
21511528
24539444
24062405
21207415
24694065
22769057
25422427
24464443
25700050
21917450
22383743
25661501
25894284
25697611
22358509
22161510
21935684
25712077
22345344
21995587
23409848
24295789
23603638
25352427
22069700
24518587
24528565
25088415
24148907
25732542
22447145
23008212
23681093
22823627
24980358
25993502
24641126
22837571
24270526
22721645
22572490
25151331
23245823
25038114
23700679
22453970
22670472
21454147
22142794
24714774
22646343
23866237
25327834
22141687
21893052
23682252
21675351
25694423
23578730
25290357
22628324
22354155
21392410
24628163
21403330
22818815
25115380
21314176
22989443
25185435
23025189
21989744
23287872
24316440
22749684
23817447
25261081
22719022
21183896
22970932
24558454
22230482
24741345
23682810
22700065
23388348
22574889
25376362
22178783
25971029
23914797
21536287
24614669
25750959
25689211
25801409
22602173
24312239
24605580
23452730
21600374
24393388
25889411
23201504
22507040
24550787
25621727
25994465
22570587
22525254
23238703
24945068
22303799
25703301
22973348
21858272
21273531
25388042
23237968
23258567
25613054
21970157
24634094
23318918
25031574
21506175
25893114
25677794
21899412
21108743
25864184
25119962
23980897
23572736
21873413
22501327
21422666
22211271
25285412
25326492
23606433
23334115
25409768
25966168
21245525
24613144
22934895
25640767
24206562
23779731
25869113
24383858
23709908
23315309
21589336
23776773
25258553
21261630
21145239
21747706
24036716
25422268
21441853
22742984
25899797
25876512
21141404
21999410
21088058
25315209
21593335
24937688
22670717
21107485
21827421
24917999
24228937
22420977
22370657
22601412
25377613
23512144
23751090
25719994
22656807
23089831
24545493
25979022
21910739
24066287
21688568
21977310
22754537
25248231
23874911
25588482
22261212
22617450
24179014
24775864
21266822
23990532
25597590
22612819
23624000
25320378
21177967
23087552
24118660
22638094
22407351
21731449
23545955
23875443
23982319
25457687
25276628
24012802
22780783
21168766
22899513
23590124
23495865
23330706
23739564
21305193
23256163
24205956
22352436
22090357
25040390
25740301
24761563
23689479
23915980
22482777
21053525
21613326
23956836
21465863
23092418
24120658
21617507
22694729
23689782
22846233
23333078
21332477
24956783
25315595
25273768
21984540
23891936
25527514
22662584
23275322
21111933
21057252
24613733
23691845
21853557
23177222
23639414
24746013
23381470
23564546
23812728
25642374
22727557
21570248
21829623
21039196
23584573
24678886
25313705
23682999
23165983
23941784
25283385
23496597
21362199
21258350
23428757
23004226
21331728
25509232
22249148
22221765
24666809
23135602
24245441
22610956
21026060
21894538
25999766
24276769
25842495
25524859
23183593
24868402
21234831
25089616
24723914
21262362
21560384
24678229
25295065
23062352
23841923
22350196
22110305
24542975
24952964
22903833
25338187
25491860
21845476
22044797
23131145
25016312
25555500
21506136
23926861
22645771
24284922
22368028
23202737
25794543
24220706
22206487
24381393
25796377
23623020
23416698
21188966
23284491
23815498
23753520
23988272
21368660
24326893
22957710
22135641
21955635
24807220
24589279
25679811
22675643
25673150
21687634
21214849
23742558
25690444
23719205
22228196
21507067
21566760
21189849
24813850
22623693
25993197
22527094
23277811
23371583
22468767
22497221
21663554
21147609
24413764
25861918
23008933
21869122
23337252
23025524
24242107
25741640
23132981
23508795
22844334
22159985
24205772
23117224
22795168
25096269
22910999
23651252
23280829
21012663
23415740
21862499
25015113
24162673
22539483
25283928
23202810
23571896
22491494
21778176
24328730
24742501
21006410
25954729
23852790
24840609
23723226
23054808
24940766
22108039
24646927
24609059
22020186
21588745
24910362
25886375
23387902
22675483
22627770
21370502
23442347
21318470
23168223
21540256
24156284
22060576
22261585
25665141
23425488
22981799
25563805
25967054
21938198
21625814
25362395
25321287
21155983
23594207
24004855
24693143
25321013
22885209
25607495
25545818
25195810
22973910
21634492
25186492
24866772
24718734
21667214
25128859
24905799
25347760
23127829
25977344
22324116
21499621
23197865
22003672
21017815
23544445
24884889
22369870
23584958
22065626
25461190
22025785
25206698
25769645
22907156
21963512
25057442
23093289
24734487
23555193
22411530
23797712
21826830
22308679
22690416
25948124
22870997
24723528
23808368
24137382
22649902
22110990
25984922
22996896
24429391
21466339
23096242
24180535
24000859
22716548
21764893
24915406
24369542
25415118
21345614
25751809
25152013
21390582
23535472
24317798
22985864
25101615
24582337
23139015
24287121
23726658
25162230
23593272
21949248
22732211
21477717
23360328
23840415
23426399
22060374
21567013
23373535
24870096
25229547
22673566
22436638
21858253
23919004
23635530
25189217
24330144
24867514
23686832
26003835
22819725
24460010
23920127
24138812
25919322
25065108
23868885
21267110
25817950
24587593
24114983
25003892
23167774
22002464
25228094
23835230
24874452
23386110
25479214
25016053
23911921
24575378
21226596
22680802
24141542
22914923
23098201
22186596
23773876
24428909
25388570
24055219
21619285
25656497
25509408
22751027
23273077
25699112
26005419
25225598
25075775
23696171
24591917
24370085
24994107
23161396
21773300
25376383
24601151
22615868
24320258
24645180
24667086
21428924
21785370
23369267
22981071
22604494
22463242
25709076
25181300
23100158
25823621
24794295
25266869
22168112
22776326
24241422
22484800
21643107
22773994
23421515
23220476
26021014
23632285
23370568
22499449
25482276
21166571
23908876
23195824
25704804
21204272
21314508
22241177
24406928
22337804
22500209
21461229
21624163
25705120
22638417
21472037
25558846
25155195
24516785
22584104
24213428
22757124
25684767
23319041
23748625
24409852
25284903
25010504
25750213
25027368
21325026
23525750
23936399
22925503
23488940
23530005
23427789
23445276
24449227
25914354
22009130
21954676
23906549
24519254
25520386
23750673
25194989
23857314
24309268
22349689
22182662
24019264
25978218
25020193
25281161
24605996
22880715
24115344
24357217
23845786
21983596
22715448
26008881
21363893
24634680
24842463
23142204
22992554
24800158
23931472
22755018
22149225
25779684
25552494
21725930
21609233
22769497
22948372
23502672
23208154
22653189
21254827
21344833
21261720
24498376
25462426
22094546
25647770
25843714
24799840
25417361
21356130
22455812
22326293
23825836
21804182
23318317
21589524
25253723
23448293
23018966
23038493
25474675
24353683
24150625
25658815
25352871
21847595
23054490
22488113
22196153
23658050
22940408
23252199
23536180
22125263
24217668
21248210
21021763
22969421
24739484
22457866
24172411
21770083
22318409
21607583
25748376
24370778
22884009
25715839
25882983
23025151
24193029
25006665
25961834
24593259
22802175
22080914
21125464
24920034
21516424
22828754
23011228
25289157
24910189
25442550
22550558
22671553
25277250
21729612
23942939
25604199
21936066
25367169
21537983
24040786
23222484
23359636
23598479
24185089
23657765
25927489
24092764
24953872
25949414
22903126
22736556
23239988
24420994
24196311
24286213
24564759
23174990
22713402
25621450
21884485
24275619
21340314
23554912
21989372
22405725
22013747
22506253
22931910
23006841
25137984
22591084
25775315
22003791
25347403
25102173
23893786
21789735
25484166
25174999
22074389
23668224
21906268
25903184
23143824
22186322
21491590
23711881
22696534
21877187
21946447
21358710
23045713
21737235
22253709
23037443
24382386
23671755
21415031
21320536
24866858
22481675
23008044
21064689
22870108
23008270
24990719
23487620
24416353
22427549
22994308
23837325
25723028
23136323
22141937
21193524
24302705
21764529
25076442
23260893
21331512
22385572
22840802
22984475
22700761
23484001
24358125
25616140
25415583
21484757
22968179
23398626
21836019
21153939
23591695
25491215
25496543
23444394
21151236
21326655
21012269
23754406
22564599
21979415
24184256
24105944
25977611
21261807
22581006
24352878
21210552
23758682
24322226
22970008
23799225
25095422
23005304
22676389
25465451
25719721
22448306
21195607
24306832
21536105
25384605
25188446
21569948
23149668
24173894
24247868
25523928
23855409
25332058
21742824
21565302
21501007
22267745
22507957
22125035
24144121
24515885
22788210
22105403
25749985
24996426
21621123
25850541
25448049
23888190
24239243
23592646
21892683
24186707
23534527
22045466
24313035
21078710
21277714
22725066
24820858
23723783
25176806
22787429
24124522
22289247
23523462
22428759
25031286
22087147
21253179
25306097
21882180
21911974
25757003
24563617
25971468
24010701
26026020
24911934
24903732
23016870
22104476
25478062
21674331
23243166
23113792
21771221
24760095
22569898
25530634
24561271
25308933
24769987
23519195
23297112
22068297
25451082
21457258
23838360
21130849
23067320
25975656
22178978
22034227
21700077
24689724
21022450
22142921
23148090
21892165
21326504
21886477
25789852
21086786
24877997
24213644
24415267
24736710
21597816
25189630
24042602
22942268
23237277
23784526
24805204
21288922
25054638
21686999
24336655
24063229
22661011
22422376
21096934
21029916
25625373
24116600
21557075
24495249
22379611
24866257
24582726
21266198
23050861
24366418
22640879
24593155
23748506
24085197
25843569
21556239
23198250
23413672
22765897
24430495
23260184
23478764
21362785
23344175
21594378
21969312
22563929
25723562
22266497
24411861
25884512
24530243
25594704
21471074
23231623
23205259
23106705
23748477
21913418
23847768
25826312
22820090
23447431
21751188
