21000811
21007785
21010647
21011658
21013072
21014553
21016076
21017611
21019616
21023477
21024006
21027608
21030069
21033898
21034182
21034568
21041198
21045820
21048212
21050681
21053512
21054688
21055585
21058558
21060902
21061471
21062726
21067727
21069737
21069760
21070979
21071101
21073484
21077422
21081256
21084497
21084649
21084661
21088963
21093844
21094176
21095308
21097663
21107384
21107709
21108857
21108944
21108955
21109209
21109300
21110624
21114795
21116145
21118198
21123113
21123421
21126142
21126276
21126996
21129843
21132128
21134901
21137125
21137474
21139759
21140636
21142728
21147274
21147631
21147851
21152189
21155326
21155921
21159609
21162403
21163744
21166336
21169585
21172395
21172803
21182208
21193441
21196133
21197777
21200581
21201699
21208652
21212227
21217179
21220462
21221880
21222566
21228671
21229737
21230696
21232045
21232067
21233278
21233424
21236961
21237417
21237822
21240173
21240274
21242136
21242371
21243018
21244425
21249433
21251634
21251808
21252248
21252355
21259353
21262112
21263821
21265489
21265615
21267548
21267675
21273091
21273497
21273615
21275348
21279182
21279408
21280468
21280742
21283015
21284114
21293739
21295055
21296329
21301630
21302623
21303218
21316507
21319995
21320685
21322979
21324922
21326558
21327946
21328333
21328770
21328818
21328973
21331113
21331320
21333170
21336161
21345715
21347164
21354399
21357972
21358796
21359416
21363055
21366456
21366575
21370605
21371444
21372698
21373113
21375621
21376007
21376817
21380126
21381053
21386876
21392067
21397141
21397664
21399399
21407321
21408473
21409057
21410873
21415196
21416808
21417587
21417690
21421591
21422941
21422969
21424623
21427373
21431288
21431547
21432805
21434983
21437688
21439486
21439595
21442157
21447060
21451556
21453520
21455595
21459182
21460029
21465887
21467144
21469672
21472804
21473219
21474969
21477024
21480333
21481003
21483595
21486753
21488131
21489235
21494546
21495969
21496743
21497349
21502232
21504118
21508794
21511900
21514999
21517133
21521198
21531079
21531816
21535009
21545167
21547735
21551207
21552307
21560262
21560898
21560906
21561640
21564814
21573574
21578491
21580277
21582173
21584416
21585122
21586782
21587318
21590144
21591711
21592429
21594830
21597140
21597444
21598322
21598501
21599344
21601701
21601890
21607368
21614076
21617286
21625660
21627067
21630818
21633035
21633082
21633899
21638467
21643597
21644115
21645087
21646836
21649657
21650747
21652699
21654159
21654595
21655676
21661658
21661778
21663935
21665384
21667387
21669362
21669857
21672661
21674638
21674701
21677932
21681128
21681153
21681573
21685393
21686029
21687123
21688094
21688833
21688945
21690577
21690717
21691036
21695643
21696072
21697034
21697448
21697559
21701574
21702377
21702932
21705464
21707014
21713738
21713848
21716365
21717176
21719455
21721219
21722805
21723342
21723949
21724810
21725924
21727208
21728848
21729625
21729719
21730845
21731996
21732503
21732861
21733820
21740363
21747086
21747885
21749382
21750696
21752803
21754442
21756735
21757141
21757680
21759955
21762466
21764675
21768245
21771523
21773276
21773357
21775661
21777819
21781981
21782531
21786681
21788136
21791452
21791464
21793030
21794033
21797433
21797490
21799143
21799641
21802280
21802686
21803755
21804037
21804232
21807914
21808791
21809452
21811718
21813670
21815592
21815716
21816355
21816930
21817495
21818599
21821622
21822708
21826323
21832097
21832177
21832353
21841707
21842691
21845175
21846145
21847074
21849054
21852431
21854908
21855094
21860359
21860617
21863478
21865413
21867978
21873321
21875510
21876396
21880435
21881837
21883417
21883606
21883804
21884523
21885268
21886007
21892548
21896442
21896539
21896626
21896844
21897239
21900492
21901307
21901497
21902453
21908756
21909642
21910273
21910886
21915937
21918275
21919073
21921173
21923787
21927510
21928302
21928989
21935199
21936563
21936884
21937013
21938454
21938462
21941090
21943434
21949016
21950839
21951200
21952231
21953168
21959011
21959773
21960049
21962152
21965009
21967264
21970166
21970428
21970620
21970851
21971106
21971333
21973915
21975503
21975695
21980438
21981697
21983219
21984941
21986277
21991034
21994418
21999783
22000701
22001508
22002360
22002750
22004506
22010637
22012219
22012293
22018740
22019445
22019880
22021495
22024077
22031017
22033573
22033824
22036325
22037262
22043508
22044224
22048580
22051022
22055373
22064825
22067852
22070915
22072512
22074467
22075588
22077173
22077851
22078227
22081763
22082519
22092742
22097386
22098319
22103082
22109942
22111697
22112005
22112331
22113626
22118544
22120926
22121061
22121317
22126994
22127757
22131710
22131877
22132194
22133873
22137935
22142307
22143347
22145648
22150927
22152010
22153114
22154168
22157972
22158815
22161887
22163234
22166065
22166312
22169300
22170253
22171043
22174133
22175128
22178185
22183805
22186820
22187239
22187308
22188221
22189716
22192191
22192213
22194501
22196443
22198255
22199151
22200359
22204471
22204666
22204935
22204998
22206463
22212455
22214908
22216334
22216583
22217448
22218469
22219263
22219580
22219668
22221462
22223866
22225202
22229371
22237555
22239028
22240547
22241347
22241457
22241560
22242086
22244199
22245193
22247020
22252145
22254417
22265610
22265842
22270664
22271471
22273324
22282067
22283657
22285097
22285485
22286683
22289678
22290163
22290648
22290666
22294548
22297290
22298650
22299248
22302998
22306737
22306896
22306999
22307490
22308285
22308815
22308930
22312884
22318455
22318582
22320747
22321913
22326256
22326405
22330714
22333028
22335709
22336184
22336427
22338538
22338965
22343234
22344781
22347186
22351159
22351538
22355272
22358917
22359070
22359236
22359310
22361034
22361240
22362197
22367337
22369024
22369428
22372943
22374961
22381113
22395621
22398846
22399351
22404561
22404736
22405991
22410163
22412328
22413029
22426732
22427071
22430494
22433603
22435518
22436499
22436680
22439687
22445009
22445819
22451864
22458003
22458763
22459759
22460912
22462306
22467037
22467589
22469146
22471207
22477111
22478277
22478997
22483114
22483549
22485894
22487506
22490846
22490889
22493009
22493044
22494066
22494592
22496065
22498086
22500276
22500840
22502130
22502156
22503693
22509774
22510288
22512399
22514859
22516772
22518325
22520006
22523370
22526654
22528490
22530402
22531033
22531616
22532034
22533398
22535181
22536045
22536846
22539078
22539094
22541741
22542370
22548512
22549230
22554677
22557122
22557328
22557807
22558963
22560394
22561965
22563820
22564471
22565556
22570760
22575820
22577488
22580253
22583924
22584491
22585464
22586348
22586697
22587188
22587446
22589402
22595207
22597228
22598964
22600444
22601119
22603536
22608041
22609407
22610483
22610858
22613175
22615282
22615465
22618995
22621241
22621282
22624652
22624967
22625843
22632242
22633717
22634253
22634362
22638589
22640843
22643032
22643615
22644139
22645348
22647903
22648844
22649200
22651611
22659324
22659700
22662245
22665904
22666702
22672946
22680500
22686052
22687166
22688999
22690083
22692399
22697316
22698629
22700786
22702776
22704234
22706577
22706812
22707222
22708698
22710997
22711587
22711954
22713084
22713777
22720613
22721347
22723634
22723965
22728666
22729959
22730490
22731343
22731380
22738912
22738997
22739856
22741993
22743441
22745195
22746559
22747666
22749970
22751574
22755958
22758897
22759583
22761777
22761852
22762289
22769921
22770429
22771464
22772562
22777939
22778804
22781322
22782791
22785169
22785753
22786599
22788829
22789137
22791767
22799275
22799763
22804723
22808022
22810744
22814963
22815140
22818198
22820170
22821290
22823967
22826840
22827412
22828484
22829493
22831259
22831666
22836245
22838070
22843416
22843844
22844389
22844913
22848341
22849516
22851070
22852873
22856833
22856945
22859327
22860231
22860634
22862544
22863254
22867304
22868052
22874459
22877331
22878433
22880880
22882979
22890000
22890341
22890412
22892194
22893992
22898044
22899136
22899997
22902820
22903113
22904731
22905337
22908978
22910446
22910839
22912552
22917806
22920799
22922286
22922903
22924975
22925679
22928308
22935189
22936011
22937631
22945114
22957546
22958996
22961125
22962457
22968797
22970138
22972545
22972567
22977110
22978370
22979343
22984551
22986502
22989305
22997788
22999698
23000778
23000884
23004056
23004213
23005442
23005510
23006177
23011920
23012161
23012979
23013369
23015634
23018626
23018820
23019833
23024790
23025642
23026463
23027754
23029938
23030036
23033209
23042820
23043967
23049096
23049456
23050765
23053011
23054767
23059962
23065813
23072206
23072661
23075536
23076296
23076885
23077152
23078455
23082010
23084944
23085233
23085757
23088023
23089437
23091553
23094872
23095652
23102521
23102536
23103410
23106307
23106865
23107808
23108141
23109179
23111364
23114094
23114627
23115303
23115879
23116694
23122621
23122986
23125721
23127593
23129677
23134423
23135964
23138314
23139659
23142672
23144520
23148103
23150566
23151069
23153106
23156881
23157024
23158563
23159581
23165518
23166344
23166890
23168950
23169024
23169056
23171637
23173014
23173690
23178929
23180781
23189925
23191277
23192641
23195529
23195819
23195986
23198088
23203158
23204945
23210607
23211693
23214444
23218419
23221705
23222114
23225776
23228069
23232850
23233412
23241184
23243343
23249669
23251349
23253359
23256722
23259292
23261767
23261899
23263510
23264084
23264673
23265780
23269275
23269328
23269516
23270622
23271902
23273296
23273711
23279027
23284457
23285654
23286901
23287029
23287188
23292172
23292893
23294719
23298578
23301181
23302988
23303267
23303322
23305086
23306277
23306639
23306773
23308145
23309003
23310533
23310708
23310868
23311725
23311973
23312535
23320520
23324618
23327632
23331233
23333200
23337227
23338561
23338775
23340948
23342605
23350194
23357510
23363282
23363410
23366280
23368849
23372707
23375380
23375916
23377413
23378149
23380183
23380951
23382045
23387815
23387890
23388181
23389976
23391058
23392952
23395159
23395433
23397878
23398021
23398613
23402173
23403216
23403260
23408357
23409502
23411715
23414756
23423003
23424546
23425368
23426033
23426407
23428526
23428550
23429251
23429713
23430776
23431961
23432294
23434752
23436531
23436649
23438753
23440223
23443839
23444044
23447319
23447345
23448127
23449890
23452506
23454916
23456089
23456898
23457109
23457325
23458020
23459684
23460103
23463570
23463924
23464980
23468960
23475376
23476187
23480153
23480824
23480961
23482728
23483315
23484600
23486860
23493194
23493580
23494356
23495398
23496772
23497076
23498312
23504531
23505005
23505436
23506419
23506562
23507952
23508321
23510979
23511893
23516451
23521946
23525184
23526928
23529879
23530318
23530454
23531281
23533367
23534840
23535338
23536770
23543179
23543539
23544346
23550809
23552407
23552545
23553883
23555307
23561056
23561783
23564355
23565084
23566134
23566296
23567565
23570773
23581383
23582906
23585142
23587420
23588304
23591710
23593413
23597118
23599881
23602106
23602358
23604115
23604400
23606160
23608226
23608235
23611804
23613247
23616208
23617583
23620298
23620905
23622766
23624723
23626838
23629527
23631670
23632078
23635660
23635873
23636154
23636162
23637235
23639432
23643140
23643748
23644543
23644724
23644756
23645056
23647441
23648731
23649853
23651686
23651908
23652577
23654703
23654929
23656871
23657081
23660599
23660838
23661752
23663555
23663661
23665082
23671068
23672058
23674526
23678758
23681515
23681981
23682000
23682280
23689986
23694362
23696307
23700822
23702608
23704159
23705380
23707678
23708874
23713200
23718207
23718311
23719072
23721297
23724272
23725064
23725431
23728652
23735643
23738482
23739947
23742274
23744111
23745645
23748486
23754949
23755538
23755793
23756269
23759877
23760382
23763103
23765256
23771178
23771490
23771788
23772861
23773991
23774852
23774880
23775168
23775605
23775678
23779003
23781763
23783069
23783947
23784431
23785073
23786135
23786967
23788926
23789056
23792313
23794739
23796976
23798951
23799184
23801400
23802022
23803984
23804261
23805518
23807856
23807871
23809663
23811580
23813143
23814010
23818014
23819559
23821832
23822122
23830032
23831135
23836630
23845155
23849342
23850656
23851636
23852325
23853834
23853870
23859127
23860558
23871507
23873606
23876862
23878045
23879039
23880248
23881402
23886809
23887086
23887413
23888051
23894008
23895051
23897266
23898595
23900838
23905490
23907748
23908674
23909060
23911839
23914746
23917174
23917273
23917652
23917924
23919090
23921097
23923255
23925238
23926503
23926597
23928096
23928657
23928926
23929343
23931132
23931708
23931851
23933003
23934113
23934421
23934606
23935758
23937040
23938064
23938860
23941858
23948234
23953454
23953945
23959237
23960570
23961351
23962933
23964862
23967253
23970516
23971495
23972562
23973282
23974706
23974873
23975647
23975805
23975859
23978546
23980030
23980306
23984279
23985956
23986827
23993596
23995146
23997379
23997410
24002799
24006360
24006830
24007266
24009678
24010568
24011430
24011583
24015465
24017706
24020477
24020486
24025790
24025879
24031044
24031427
24031636
24032294
24034247
24034593
24035277
24042432
24043705
24044438
24045181
24047487
24051804
24052793
24053317
24055180
24055818
24066862
24069950
24070515
24071876
24076786
24078944
24080479
24080750
24083099
24083900
24088119
24089667
24089882
24091432
24098259
24100196
24101486
24101984
24102060
24103111
24105168
24106823
24108029
24108066
24108884
24110379
24110717
24113949
24115534
24116109
24122538
24122745
24124846
24125062
24130498
24135819
24137801
24137884
24139001
24139419
24140635
24141400
24141792
24152563
24155471
24156321
24157127
24157510
24158598
24160190
24167579
24168611
24169179
24171521
24173064
24173513
24173732
24174159
24177189
24181615
24196942
24201991
24207667
24208678
24210034
24210217
24211986
24214284
24215665
24219083
24222596
24223037
24227124
24228522
24230198
24230248
24231673
24233550
24233989
24235851
24237832
24238688
24246526
24248403
24254487
24255252
24255686
24255896
24256257
24258521
24259916
24266340
24267547
24268878
24274315
24274957
24277273
24279556
24280402
24281616
24284529
24284557
24286978
24289392
24292292
24297811
24298798
24299290
24300263
24303898
24307985
24309617
24313564
24318047
24319923
24323053
24324528
24325906
24326378
24326452
24327248
24328697
24334139
24336846
24338797
24339753
24340523
24341636
24342389
24343994
24345222
24345903
24348182
24348589
24349040
24349405
24350846
24353289
24356950
24357911
24363528
24364562
24364648
24365103
24375669
24375682
24378234
24380795
24381860
24382195
24382390
24382565
24383988
24386477
24387896
24388024
24388132
24398283
24399865
24399975
24403861
24404299
24404560
24406422
24409131
24410470
24411408
24411804
24412159
24413829
24414561
24417715
24417998
24422696
24424686
24427776
24431404
24432815
24433712
24434806
24440344
24444538
24449171
24449872
24452298
24454437
24455466
24456621
24466504
24470195
24474574
24475936
24477020
24478508
24481166
24482604
24484169
24484408
24488729
24489268
24492733
24493783
24497689
24499230
24499596
24501104
24501882
24505130
24505243
24508536
24509916
24511050
24512919
24514969
24515795
24520913
24521336
24525348
24525527
24527526
24529503
24530661
24532543
24533197
24533623
24534157
24534166
24538830
24539038
24539388
24541274
24541959
24543630
24543731
24544440
24545351
24546383
24547494
24548095
24549147
24550979
24551411
24552430
24554637
24560148
24561304
24566749
24577029
24578395
24579278
24580135
24582922
24588068
24588161
24590183
24590290
24590968
24591872
24601317
24604621
24607860
24608565
24611102
24611188
24613424
24614195
24615709
24617060
24617971
24620377
24624748
24626849
24628118
24631549
24632999
24640518
24643706
24644235
24645152
24645271
24645377
24646328
24647001
24648532
24650814
24653877
24656595
24659517
24661879
24671529
24674308
24674814
24675912
24678198
24682302
24683548
24687432
24687485
24688469
24691357
24692037
24696199
24697762
24699365
24700576
24701695
24703146
24704960
24709492
24711228
24712283
24718698
24720009
24721947
24725125
24730358
24730887
24732210
24732228
24732891
24733697
24734183
24736107
24737443
24738691
24739226
24741215
24745662
24747073
24748692
24754580
24754947
24756460
24759066
24759489
24761264
24762114
24762157
24763935
24764180
24766128
24769593
24770862
24772544
24772658
24772828
24773283
24773667
24779063
24785610
24787069
24790410
24790504
24793092
24794760
24797505
24799730
24804556
24810244
24813301
24813339
24814037
24817900
24818277
24821430
24822139
24826437
24833950
24834062
24834669
24835003
24837652
24839308
24840905
24844468
24844497
24846163
24847688
24848556
24851625
24853062
24856162
24861720
24864639
24865350
24866376
24867480
24869379
24874893
24875564
24879606
24880531
24881331
24881902
24883399
24884994
24885478
24885635
24887131
24889108
24889912
24890435
24891154
24891842
24892036
24892650
24893988
24894731
24895986
24898496
24903286
24904477
24908594
24911665
24914898
24915055
24915769
24918157
24920491
24921055
24921495
24930274
24931349
24931501
24941587
24941954
24942504
24946707
24947081
24947320
24953167
24953280
24955965
24956428
24958040
24960497
24960954
24965682
24965698
24967424
24968802
24969095
24973361
24974629
24975752
24981952
24982375
24987234
24989620
24992188
24993755
24993898
24994320
24995120
24997734
25000381
25001231
25005426
25007364
25008896
25014238
25014690
25015924
25016001
25016749
25019385
25025966
25027722
25029903
25032416
25034473
25035009
25042545
25042642
25042885
25044080
25048144
25050007
25054229
25054331
25054701
25055926
25056814
25057333
25059654
25060882
25061532
25064308
25064678
25065356
25069127
25070849
25072110
25074329
25075100
25075173
25076703
25079872
25083657
25087081
25092624
25093335
25094529
25100598
25100903
25102338
25102484
25105158
25105980
25106110
25108041
25108477
25108996
25111312
25111467
25111722
25115166
25115343
25115889
25117317
25119313
25123505
25124627
25124993
25127770
25128610
25139948
25142671
25142826
25144297
25146960
25147117
25147330
25147903
25150661
25151710
25152745
25153524
25157072
25158452
25159027
25159290
25160168
25162036
25162437
25167434
25170343
25171008
25173316
25174029
25175611
25178450
25178800
25180092
25180225
25180867
25182126
25183164
25183929
25184155
25190315
25191097
25192474
25193137
25193458
25194319
25194582
25195403
25195615
25195872
25199708
25204972
25205721
25205825
25206985
25209057
25210779
25211027
25212650
25214310
25217014
25218803
25219969
25220457
25221087
25224545
25231416
25234145
25235525
25236424
25238727
25238987
25241048
25251086
25252068
25254480
25254741
25256364
25256799
25262263
25262719
25262899
25265929
25268514
25268621
25273539
25275022
25276837
25279254
25287359
25288517
25288827
25289298
25291825
25296168
25296272
25299585
25304439
25305613
25307131
25307599
25307749
25308394
25311556
25312841
25314406
25316465
25320337
25322695
25327327
25333292
25333840
25334444
25338445
25339762
25340296
25341970
25342437
25349521
25349895
25350728
25355088
25355889
25357450
25361686
25362981
25364377
25365457
25366557
25368231
25368332
25368817
25376247
25377152
25378117
25379548
25380624
25382941
25383851
25384362
25389152
25392286
25394908
25396155
25397911
25400776
25405903
25408150
25409304
25412029
25412509
25413763
25415368
25416800
25416918
25421065
25421811
25422055
25427848
25429801
25429908
25430079
25441040
25442371
25443958
25444280
25446402
25449646
25452150
25454096
25454758
25455727
25457114
25457380
25459353
25461158
25462519
25462885
25466784
25470969
25471435
25472807
25473446
25480167
25480335
25480369
25482415
25485230
25490832
25490963
25492195
25493739
25495044
25496580
25496771
25497171
25497403
25498056
25498447
25498558
25500155
25501265
25501340
25503633
25504707
25513096
25517376
25520669
25526772
25528666
25530276
25532403
25532781
25533003
25534042
25534273
25534695
25536399
25538569
25539270
25539922
25545416
25546755
25547806
25548495
25549233
25553214
25558226
25559370
25560214
25561096
25564928
25566358
25567593
25570516
25573825
25576954
25577461
25577883
25577939
25578638
25579202
25582222
25583617
25586001
25587133
25587850
25591788
25591808
25592198
25593635
25596052
25597002
25597937
25598326
25599755
25600892
25602727
25604154
25605677
25609978
25611670
25613572
25622491
25623238
25632767
25633228
25636776
25640953
25642518
25644597
25647460
25651871
25653019
25659572
25662639
25663713
25668362
25671204
25672929
25677555
25684836
25686712
25690766
25692364
25693749
25694437
25695158
25695485
25697417
25697902
25703776
25704833
25710256
25712469
25713939
25717529
25720444
25725012
25725051
25725559
25728069
25728116
25728808
25733264
25734009
25734101
25738040
25741246
25744524
25745345
25750533
25751932
25752388
25756879
25757133
25758362
25758623
25758779
25760675
25761007
25762417
25764998
25768171
25770633
25773616
25773891
25774241
25774846
25775179
25777599
25779290
25782725
25789312
25794142
25796416
25801934
25802040
25802613
25803016
25803710
25804254
25805867
25807014
25807686
25807759
25807810
25807828
25809259
25809838
25811198
25813228
25817852
25818305
25824280
25825988
25826982
25830438
25832512
25834880
25835090
25839602
25842452
25843136
25843766
25846547
25847112
25847706
25850215
25854481
25860879
25868349
25875468
25877977
25878838
25881282
25884266
25884417
25884993
25885430
25886284
25887596
25887613
25889640
25893173
25893959
25894210
25894727
25895684
25900762
25901626
25905232
25905833
25906430
25907097
25907720
25912163
25912176
25912205
25914588
25917116
25917415
25919405
25921367
25923113
25925750
25928905
25930652
25934041
25936725
25938763
25944827
25945931
25950164
25950416
25956198
25961631
25962853
25963149
25968409
25972045
25972812
25972937
25975792
25977107
25977257
25977309
25978625
25986762
25987290
25987541
25990936
25991804
25992373
25992875
25995991
25996491
25998020
26000314
26000595
26008409
26011841
26013883
26016042
26017977
26019453
26020535
26020997
26021238
26021264
26023969
26024267
26025898
