31000811
31007785
31010647
31011658
31013072
31014553
31016076
31017611
31019616
31023477
31024006
31027608
31030069
31033898
31034182
31034568
31041198
31045820
31048212
31050681
31053512
31054688
31055585
31058558
31060902
31061471
31062726
31067727
31069737
31069760
31070979
31071101
31073484
31077422
31081256
31084497
31084649
31084661
31088963
31093844
31094176
31095308
31097663
31107384
31107709
31108857
31108944
31108955
31109209
31109300
31110624
31114795
31116145
31118198
31123113
31123421
31126142
31126276
31126996
31129843
31132128
31134901
31137125
31137474
31139759
31140636
31142728
31147274
31147631
31147851
31152189
31155326
31155921
31159609
31162403
31163744
31166336
31169585
31172395
31172803
31182208
31193441
31196133
31197777
31200581
31201699
31208652
31212227
31217179
31220462
31221880
31222566
31228671
31229737
31230696
31232045
31232067
31233278
31233424
31236961
31237417
31237822
31240173
31240274
31242136
31242371
31243018
31244425
31249433
31251634
31251808
31252248
31252355
31259353
31262112
31263821
31265489
31265615
31267548
31267675
31273091
31273497
31273615
31275348
31279182
31279408
31280468
31280742
31283015
31284114
31293739
31295055
31296329
31301630
31302623
31303218
31316507
31319995
31320685
31322979
31324922
31326558
31327946
31328333
31328770
31328818
31328973
31331113
31331320
31333170
31336161
31345715
31347164
31354399
31357972
31358796
31359416
31363055
31366456
31366575
31370605
31371444
31372698
31373113
31375621
31376007
31376817
31380126
31381053
31386876
31392067
31397141
31397664
31399399
31407321
31408473
31409057
31410873
31415196
31416808
31417587
31417690
31421591
31422941
31422969
31424623
31427373
31431288
31431547
31432805
31434983
31437688
31439486
31439595
31442157
31447060
31451556
31453520
31455595
31459182
31460029
31465887
31467144
31469672
31472804
31473219
31474969
31477024
31480333
31481003
31483595
31486753
31488131
31489235
31494546
31495969
31496743
31497349
31502232
31504118
31508794
31511900
31514999
31517133
31521198
31531079
31531816
31535009
31545167
31547735
31551207
31552307
31560262
31560898
31560906
31561640
31564814
31573574
31578491
31580277
31582173
31584416
31585122
31586782
31587318
31590144
31591711
31592429
31594830
31597140
31597444
31598322
31598501
31599344
31601701
31601890
31607368
31614076
31617286
31625660
31627067
31630818
31633035
31633082
31633899
31638467
31643597
31644115
31645087
31646836
31649657
31650747
31652699
31654159
31654595
31655676
31661658
31661778
31663935
31665384
31667387
31669362
31669857
31672661
31674638
31674701
31677932
31681128
31681153
31681573
31685393
31686029
31687123
31688094
31688833
31688945
31690577
31690717
31691036
31695643
31696072
31697034
31697448
31697559
31701574
31702377
31702932
31705464
31707014
31713738
31713848
31716365
31717176
31719455
31721219
31722805
31723342
31723949
31724810
31725924
31727208
31728848
31729625
31729719
31730845
31731996
31732503
31732861
31733820
31740363
31747086
31747885
31749382
31750696
31752803
31754442
31756735
31757141
31757680
31759955
31762466
31764675
31768245
31771523
31773276
31773357
31775661
31777819
31781981
31782531
31786681
31788136
31791452
31791464
31793030
31794033
31797433
31797490
31799143
31799641
31802280
31802686
31803755
31804037
31804232
31807914
31808791
31809452
31811718
31813670
31815592
31815716
31816355
31816930
31817495
31818599
31821622
31822708
31826323
31832097
31832177
31832353
31841707
31842691
31845175
31846145
31847074
31849054
31852431
31854908
31855094
31860359
31860617
31863478
31865413
31867978
31873321
31875510
31876396
31880435
31881837
31883417
31883606
31883804
31884523
31885268
31886007
31892548
31896442
31896539
31896626
31896844
31897239
31900492
31901307
31901497
31902453
31908756
31909642
31910273
31910886
31915937
31918275
31919073
31921173
31923787
31927510
31928302
31928989
31935199
31936563
31936884
31937013
31938454
31938462
31941090
31943434
31949016
31950839
31951200
31952231
31953168
31959011
31959773
31960049
31962152
31965009
31967264
31970166
31970428
31970620
31970851
31971106
31971333
31973915
31975503
31975695
31980438
31981697
31983219
31984941
31986277
31991034
31994418
31999783
32000701
32001508
32002360
32002750
32004506
32010637
32012219
32012293
32018740
32019445
32019880
32021495
32024077
32031017
32033573
32033824
32036325
32037262
32043508
32044224
32048580
32051022
32055373
32064825
32067852
32070915
32072512
32074467
32075588
32077173
32077851
32078227
32081763
32082519
32092742
32097386
32098319
32103082
32109942
32111697
32112005
32112331
32113626
32118544
32120926
32121061
32121317
32126994
32127757
32131710
32131877
32132194
32133873
32137935
32142307
32143347
32145648
32150927
32152010
32153114
32154168
32157972
32158815
32161887
32163234
32166065
32166312
32169300
32170253
32171043
32174133
32175128
32178185
32183805
32186820
32187239
32187308
32188221
32189716
32192191
32192213
32194501
32196443
32198255
32199151
32200359
32204471
32204666
32204935
32204998
32206463
32212455
32214908
32216334
32216583
32217448
32218469
32219263
32219580
32219668
32221462
32223866
32225202
32229371
32237555
32239028
32240547
32241347
32241457
32241560
32242086
32244199
32245193
32247020
32252145
32254417
32265610
32265842
32270664
32271471
32273324
32282067
32283657
32285097
32285485
32286683
32289678
32290163
32290648
32290666
32294548
32297290
32298650
32299248
32302998
32306737
32306896
32306999
32307490
32308285
32308815
32308930
32312884
32318455
32318582
32320747
32321913
32326256
32326405
32330714
32333028
32335709
32336184
32336427
32338538
32338965
32343234
32344781
32347186
32351159
32351538
32355272
32358917
32359070
32359236
32359310
32361034
32361240
32362197
32367337
32369024
32369428
32372943
32374961
32381113
32395621
32398846
32399351
32404561
32404736
32405991
32410163
32412328
32413029
32426732
32427071
32430494
32433603
32435518
32436499
32436680
32439687
32445009
32445819
32451864
32458003
32458763
32459759
32460912
32462306
32467037
32467589
32469146
32471207
32477111
32478277
32478997
32483114
32483549
32485894
32487506
32490846
32490889
32493009
32493044
32494066
32494592
32496065
32498086
32500276
32500840
32502130
32502156
32503693
32509774
32510288
32512399
32514859
32516772
32518325
32520006
32523370
32526654
32528490
32530402
32531033
32531616
32532034
32533398
32535181
32536045
32536846
32539078
32539094
32541741
32542370
32548512
32549230
32554677
32557122
32557328
32557807
32558963
32560394
32561965
32563820
32564471
32565556
32570760
32575820
32577488
32580253
32583924
32584491
32585464
32586348
32586697
32587188
32587446
32589402
32595207
32597228
32598964
32600444
32601119
32603536
32608041
32609407
32610483
32610858
32613175
32615282
32615465
32618995
32621241
32621282
32624652
32624967
32625843
32632242
32633717
32634253
32634362
32638589
32640843
32643032
32643615
32644139
32645348
32647903
32648844
32649200
32651611
32659324
32659700
32662245
32665904
32666702
32672946
32680500
32686052
32687166
32688999
32690083
32692399
32697316
32698629
32700786
32702776
32704234
32706577
32706812
32707222
32708698
32710997
32711587
32711954
32713084
32713777
32720613
32721347
32723634
32723965
32728666
32729959
32730490
32731343
32731380
32738912
32738997
32739856
32741993
32743441
32745195
32746559
32747666
32749970
32751574
32755958
32758897
32759583
32761777
32761852
32762289
32769921
32770429
32771464
32772562
32777939
32778804
32781322
32782791
32785169
32785753
32786599
32788829
32789137
32791767
32799275
32799763
32804723
32808022
32810744
32814963
32815140
32818198
32820170
32821290
32823967
32826840
32827412
32828484
32829493
32831259
32831666
32836245
32838070
32843416
32843844
32844389
32844913
32848341
32849516
32851070
32852873
32856833
32856945
32859327
32860231
32860634
32862544
32863254
32867304
32868052
32874459
32877331
32878433
32880880
32882979
32890000
32890341
32890412
32892194
32893992
32898044
32899136
32899997
32902820
32903113
32904731
32905337
32908978
32910446
32910839
32912552
32917806
32920799
32922286
32922903
32924975
32925679
32928308
32935189
32936011
32937631
32945114
32957546
32958996
32961125
32962457
32968797
32970138
32972545
32972567
32977110
32978370
32979343
32984551
32986502
32989305
32997788
32999698
33000778
33000884
33004056
33004213
33005442
33005510
33006177
33011920
33012161
33012979
33013369
33015634
33018626
33018820
33019833
33024790
33025642
33026463
33027754
33029938
33030036
33033209
33042820
33043967
33049096
33049456
33050765
33053011
33054767
33059962
33065813
33072206
33072661
33075536
33076296
33076885
33077152
33078455
33082010
33084944
33085233
33085757
33088023
33089437
33091553
33094872
33095652
33102521
33102536
33103410
33106307
33106865
33107808
33108141
33109179
33111364
33114094
33114627
33115303
33115879
33116694
33122621
33122986
33125721
33127593
33129677
33134423
33135964
33138314
33139659
33142672
33144520
33148103
33150566
33151069
33153106
33156881
33157024
33158563
33159581
33165518
33166344
33166890
33168950
33169024
33169056
33171637
33173014
33173690
33178929
33180781
33189925
33191277
33192641
33195529
33195819
33195986
33198088
33203158
33204945
33210607
33211693
33214444
33218419
33221705
33222114
33225776
33228069
33232850
33233412
33241184
33243343
33249669
33251349
33253359
33256722
33259292
33261767
33261899
33263510
33264084
33264673
33265780
33269275
33269328
33269516
33270622
33271902
33273296
33273711
33279027
33284457
33285654
33286901
33287029
33287188
33292172
33292893
33294719
33298578
33301181
33302988
33303267
33303322
33305086
33306277
33306639
33306773
33308145
33309003
33310533
33310708
33310868
33311725
33311973
33312535
33320520
33324618
33327632
33331233
33333200
33337227
33338561
33338775
33340948
33342605
33350194
33357510
33363282
33363410
33366280
33368849
33372707
33375380
33375916
33377413
33378149
33380183
33380951
33382045
33387815
33387890
33388181
33389976
33391058
33392952
33395159
33395433
33397878
33398021
33398613
33402173
33403216
33403260
33408357
33409502
33411715
33414756
33423003
33424546
33425368
33426033
33426407
33428526
33428550
33429251
33429713
33430776
33431961
33432294
33434752
33436531
33436649
33438753
33440223
33443839
33444044
33447319
33447345
33448127
33449890
33452506
33454916
33456089
33456898
33457109
33457325
33458020
33459684
33460103
33463570
33463924
33464980
33468960
33475376
33476187
33480153
33480824
33480961
33482728
33483315
33484600
33486860
33493194
33493580
33494356
33495398
33496772
33497076
33498312
33504531
33505005
33505436
33506419
33506562
33507952
33508321
33510979
33511893
33516451
33521946
33525184
33526928
33529879
33530318
33530454
33531281
33533367
33534840
33535338
33536770
33543179
33543539
33544346
33550809
33552407
33552545
33553883
33555307
33561056
33561783
33564355
33565084
33566134
33566296
33567565
33570773
33581383
33582906
33585142
33587420
33588304
33591710
33593413
33597118
33599881
33602106
33602358
33604115
33604400
33606160
33608226
33608235
33611804
33613247
33616208
33617583
33620298
33620905
33622766
33624723
33626838
33629527
33631670
33632078
33635660
33635873
33636154
33636162
33637235
33639432
33643140
33643748
33644543
33644724
33644756
33645056
33647441
33648731
33649853
33651686
33651908
33652577
33654703
33654929
33656871
33657081
33660599
33660838
33661752
33663555
33663661
33665082
33671068
33672058
33674526
33678758
33681515
33681981
33682000
33682280
33689986
33694362
33696307
33700822
33702608
33704159
33705380
33707678
33708874
33713200
33718207
33718311
33719072
33721297
33724272
33725064
33725431
33728652
33735643
33738482
33739947
33742274
33744111
33745645
33748486
33754949
33755538
33755793
33756269
33759877
33760382
33763103
33765256
33771178
33771490
33771788
33772861
33773991
33774852
33774880
33775168
33775605
33775678
33779003
33781763
33783069
33783947
33784431
33785073
33786135
33786967
33788926
33789056
33792313
33794739
33796976
33798951
33799184
33801400
33802022
33803984
33804261
33805518
33807856
33807871
33809663
33811580
33813143
33814010
33818014
33819559
33821832
33822122
33830032
33831135
33836630
33845155
33849342
33850656
33851636
33852325
33853834
33853870
33859127
33860558
33871507
33873606
33876862
33878045
33879039
33880248
33881402
33886809
33887086
33887413
33888051
33894008
33895051
33897266
33898595
33900838
33905490
33907748
33908674
33909060
33911839
33914746
33917174
33917273
33917652
33917924
33919090
33921097
33923255
33925238
33926503
33926597
33928096
33928657
33928926
33929343
33931132
33931708
33931851
33933003
33934113
33934421
33934606
33935758
33937040
33938064
33938860
33941858
33948234
33953454
33953945
33959237
33960570
33961351
33962933
33964862
33967253
33970516
33971495
33972562
33973282
33974706
33974873
33975647
33975805
33975859
33978546
33980030
33980306
33984279
33985956
33986827
33993596
33995146
33997379
33997410
34002799
34006360
34006830
34007266
34009678
34010568
34011430
34011583
34015465
34017706
34020477
34020486
34025790
34025879
34031044
34031427
34031636
34032294
34034247
34034593
34035277
34042432
34043705
34044438
34045181
34047487
34051804
34052793
34053317
34055180
34055818
34066862
34069950
34070515
34071876
34076786
34078944
34080479
34080750
34083099
34083900
34088119
34089667
34089882
34091432
34098259
34100196
34101486
34101984
34102060
34103111
34105168
34106823
34108029
34108066
34108884
34110379
34110717
34113949
34115534
34116109
34122538
34122745
34124846
34125062
34130498
34135819
34137801
34137884
34139001
34139419
34140635
34141400
34141792
34152563
34155471
34156321
34157127
34157510
34158598
34160190
34167579
34168611
34169179
34171521
34173064
34173513
34173732
34174159
34177189
34181615
34196942
34201991
34207667
34208678
34210034
34210217
34211986
34214284
34215665
34219083
34222596
34223037
34227124
34228522
34230198
34230248
34231673
34233550
34233989
34235851
34237832
34238688
34246526
34248403
34254487
34255252
34255686
34255896
34256257
34258521
34259916
34266340
34267547
34268878
34274315
34274957
34277273
34279556
34280402
34281616
34284529
34284557
34286978
34289392
34292292
34297811
34298798
34299290
34300263
34303898
34307985
34309617
34313564
34318047
34319923
34323053
34324528
34325906
34326378
34326452
34327248
34328697
34334139
34336846
34338797
34339753
34340523
34341636
34342389
34343994
34345222
34345903
34348182
34348589
34349040
34349405
34350846
34353289
34356950
34357911
34363528
34364562
34364648
34365103
34375669
34375682
34378234
34380795
34381860
34382195
34382390
34382565
34383988
34386477
34387896
34388024
34388132
34398283
34399865
34399975
34403861
34404299
34404560
34406422
34409131
34410470
34411408
34411804
34412159
34413829
34414561
34417715
34417998
34422696
34424686
34427776
34431404
34432815
34433712
34434806
34440344
34444538
34449171
34449872
34452298
34454437
34455466
34456621
34466504
34470195
34474574
34475936
34477020
34478508
34481166
34482604
34484169
34484408
34488729
34489268
34492733
34493783
34497689
34499230
34499596
34501104
34501882
34505130
34505243
34508536
34509916
34511050
34512919
34514969
34515795
34520913
34521336
34525348
34525527
34527526
34529503
34530661
34532543
34533197
34533623
34534157
34534166
34538830
34539038
34539388
34541274
34541959
34543630
34543731
34544440
34545351
34546383
34547494
34548095
34549147
34550979
34551411
34552430
34554637
34560148
34561304
34566749
34577029
34578395
34579278
34580135
34582922
34588068
34588161
34590183
34590290
34590968
34591872
34601317
34604621
34607860
34608565
34611102
34611188
34613424
34614195
34615709
34617060
34617971
34620377
34624748
34626849
34628118
34631549
34632999
34640518
34643706
34644235
34645152
34645271
34645377
34646328
34647001
34648532
34650814
34653877
34656595
34659517
34661879
34671529
34674308
34674814
34675912
34678198
34682302
34683548
34687432
34687485
34688469
34691357
34692037
34696199
34697762
34699365
34700576
34701695
34703146
34704960
34709492
34711228
34712283
34718698
34720009
34721947
34725125
34730358
34730887
34732210
34732228
34732891
34733697
34734183
34736107
34737443
34738691
34739226
34741215
34745662
34747073
34748692
34754580
34754947
34756460
34759066
34759489
34761264
34762114
34762157
34763935
34764180
34766128
34769593
34770862
34772544
34772658
34772828
34773283
34773667
34779063
34785610
34787069
34790410
34790504
34793092
34794760
34797505
34799730
34804556
34810244
34813301
34813339
34814037
34817900
34818277
34821430
34822139
34826437
34833950
34834062
34834669
34835003
34837652
34839308
34840905
34844468
34844497
34846163
34847688
34848556
34851625
34853062
34856162
34861720
34864639
34865350
34866376
34867480
34869379
34874893
34875564
34879606
34880531
34881331
34881902
34883399
34884994
34885478
34885635
34887131
34889108
34889912
34890435
34891154
34891842
34892036
34892650
34893988
34894731
34895986
34898496
34903286
34904477
34908594
34911665
34914898
34915055
34915769
34918157
34920491
34921055
34921495
34930274
34931349
34931501
34941587
34941954
34942504
34946707
34947081
34947320
34953167
34953280
34955965
34956428
34958040
34960497
34960954
34965682
34965698
34967424
34968802
34969095
34973361
34974629
34975752
34981952
34982375
34987234
34989620
34992188
34993755
34993898
34994320
34995120
34997734
35000381
35001231
35005426
35007364
35008896
35014238
35014690
35015924
35016001
35016749
35019385
35025966
35027722
35029903
35032416
35034473
35035009
35042545
35042642
35042885
35044080
35048144
35050007
35054229
35054331
35054701
35055926
35056814
35057333
35059654
35060882
35061532
35064308
35064678
35065356
35069127
35070849
35072110
35074329
35075100
35075173
35076703
35079872
35083657
35087081
35092624
35093335
35094529
35100598
35100903
35102338
35102484
35105158
35105980
35106110
35108041
35108477
35108996
35111312
35111467
35111722
35115166
35115343
35115889
35117317
35119313
35123505
35124627
35124993
35127770
35128610
35139948
35142671
35142826
35144297
35146960
35147117
35147330
35147903
35150661
35151710
35152745
35153524
35157072
35158452
35159027
35159290
35160168
35162036
35162437
35167434
35170343
35171008
35173316
35174029
35175611
35178450
35178800
35180092
35180225
35180867
35182126
35183164
35183929
35184155
35190315
35191097
35192474
35193137
35193458
35194319
35194582
35195403
35195615
35195872
35199708
35204972
35205721
35205825
35206985
35209057
35210779
35211027
35212650
35214310
35217014
35218803
35219969
35220457
35221087
35224545
35231416
35234145
35235525
35236424
35238727
35238987
35241048
35251086
35252068
35254480
35254741
35256364
35256799
35262263
35262719
35262899
35265929
35268514
35268621
35273539
35275022
35276837
35279254
35287359
35288517
35288827
35289298
35291825
35296168
35296272
35299585
35304439
35305613
35307131
35307599
35307749
35308394
35311556
35312841
35314406
35316465
35320337
35322695
35327327
35333292
35333840
35334444
35338445
35339762
35340296
35341970
35342437
35349521
35349895
35350728
35355088
35355889
35357450
35361686
35362981
35364377
35365457
35366557
35368231
35368332
35368817
35376247
35377152
35378117
35379548
35380624
35382941
35383851
35384362
35389152
35392286
35394908
35396155
35397911
35400776
35405903
35408150
35409304
35412029
35412509
35413763
35415368
35416800
35416918
35421065
35421811
35422055
35427848
35429801
35429908
35430079
35441040
35442371
35443958
35444280
35446402
35449646
35452150
35454096
35454758
35455727
35457114
35457380
35459353
35461158
35462519
35462885
35466784
35470969
35471435
35472807
35473446
35480167
35480335
35480369
35482415
35485230
35490832
35490963
35492195
35493739
35495044
35496580
35496771
35497171
35497403
35498056
35498447
35498558
35500155
35501265
35501340
35503633
35504707
35513096
35517376
35520669
35526772
35528666
35530276
35532403
35532781
35533003
35534042
35534273
35534695
35536399
35538569
35539270
35539922
35545416
35546755
35547806
35548495
35549233
35553214
35558226
35559370
35560214
35561096
35564928
35566358
35567593
35570516
35573825
35576954
35577461
35577883
35577939
35578638
35579202
35582222
35583617
35586001
35587133
35587850
35591788
35591808
35592198
35593635
35596052
35597002
35597937
35598326
35599755
35600892
35602727
35604154
35605677
35609978
35611670
35613572
35622491
35623238
35632767
35633228
35636776
35640953
35642518
35644597
35647460
35651871
35653019
35659572
35662639
35663713
35668362
35671204
35672929
35677555
35684836
35686712
35690766
35692364
35693749
35694437
35695158
35695485
35697417
35697902
35703776
35704833
35710256
35712469
35713939
35717529
35720444
35725012
35725051
35725559
35728069
35728116
35728808
35733264
35734009
35734101
35738040
35741246
35744524
35745345
35750533
35751932
35752388
35756879
35757133
35758362
35758623
35758779
35760675
35761007
35762417
35764998
35768171
35770633
35773616
35773891
35774241
35774846
35775179
35777599
35779290
35782725
35789312
35794142
35796416
35801934
35802040
35802613
35803016
35803710
35804254
35805867
35807014
35807686
35807759
35807810
35807828
35809259
35809838
35811198
35813228
35817852
35818305
35824280
35825988
35826982
35830438
35832512
35834880
35835090
35839602
35842452
35843136
35843766
35846547
35847112
35847706
35850215
35854481
35860879
35868349
35875468
35877977
35878838
35881282
35884266
35884417
35884993
35885430
35886284
35887596
35887613
35889640
35893173
35893959
35894210
35894727
35895684
35900762
35901626
35905232
35905833
35906430
35907097
35907720
35912163
35912176
35912205
35914588
35917116
35917415
35919405
35921367
35923113
35925750
35928905
35930652
35934041
35936725
35938763
35944827
35945931
35950164
35950416
35956198
35961631
35962853
35963149
35968409
35972045
35972812
35972937
35975792
35977107
35977257
35977309
35978625
35986762
35987290
35987541
35990936
35991804
35992373
35992875
35995991
35996491
35998020
36000314
36000595
36008409
36011841
36013883
36016042
36017977
36019453
36020535
36020997
36021238
36021264
36023969
36024267
36025898
