1000811
1007785
1010647
1011658
1013072
1014553
1016076
1017611
1019616
1023477
1024006
1027608
1030069
1033898
1034182
1034568
1041198
1045820
1048212
1050681
1053512
1054688
1055585
1058558
1060902
1061471
1062726
1067727
1069737
1069760
1070979
1071101
1073484
1077422
1081256
1084497
1084649
1084661
1088963
1093844
1094176
1095308
1097663
1107384
1107709
1108857
1108944
1108955
1109209
1109300
1110624
1114795
1116145
1118198
1123113
1123421
1126142
1126276
1126996
1129843
1132128
1134901
1137125
1137474
1139759
1140636
1142728
1147274
1147631
1147851
1152189
1155326
1155921
1159609
1162403
1163744
1166336
1169585
1172395
1172803
1182208
1193441
1196133
1197777
1200581
1201699
1208652
1212227
1217179
1220462
1221880
1222566
1228671
1229737
1230696
1232045
1232067
1233278
1233424
1236961
1237417
1237822
1240173
1240274
1242136
1242371
1243018
1244425
1249433
1251634
1251808
1252248
1252355
1259353
1262112
1263821
1265489
1265615
1267548
1267675
1273091
1273497
1273615
1275348
1279182
1279408
1280468
1280742
1283015
1284114
1293739
1295055
1296329
1301630
1302623
1303218
1316507
1319995
1320685
1322979
1324922
1326558
1327946
1328333
1328770
1328818
1328973
1331113
1331320
1333170
1336161
1345715
1347164
1354399
1357972
1358796
1359416
1363055
1366456
1366575
1370605
1371444
1372698
1373113
1375621
1376007
1376817
1380126
1381053
1386876
1392067
1397141
1397664
1399399
1407321
1408473
1409057
1410873
1415196
1416808
1417587
1417690
1421591
1422941
1422969
1424623
1427373
1431288
1431547
1432805
1434983
1437688
1439486
1439595
1442157
1447060
1451556
1453520
1455595
1459182
1460029
1465887
1467144
1469672
1472804
1473219
1474969
1477024
1480333
1481003
1483595
1486753
1488131
1489235
1494546
1495969
1496743
1497349
1502232
1504118
1508794
1511900
1514999
1517133
1521198
1531079
1531816
1535009
1545167
1547735
1551207
1552307
1560262
1560898
1560906
1561640
1564814
1573574
1578491
1580277
1582173
1584416
1585122
1586782
1587318
1590144
1591711
1592429
1594830
1597140
1597444
1598322
1598501
1599344
1601701
1601890
1607368
1614076
1617286
1625660
1627067
1630818
1633035
1633082
1633899
1638467
1643597
1644115
1645087
1646836
1649657
1650747
1652699
1654159
1654595
1655676
1661658
1661778
1663935
1665384
1667387
1669362
1669857
1672661
1674638
1674701
1677932
1681128
1681153
1681573
1685393
1686029
1687123
1688094
1688833
1688945
1690577
1690717
1691036
1695643
1696072
1697034
1697448
1697559
1701574
1702377
1702932
1705464
1707014
1713738
1713848
1716365
1717176
1719455
1721219
1722805
1723342
1723949
1724810
1725924
1727208
1728848
1729625
1729719
1730845
1731996
1732503
1732861
1733820
1740363
1747086
1747885
1749382
1750696
1752803
1754442
1756735
1757141
1757680
1759955
1762466
1764675
1768245
1771523
1773276
1773357
1775661
1777819
1781981
1782531
1786681
1788136
1791452
1791464
1793030
1794033
1797433
1797490
1799143
1799641
1802280
1802686
1803755
1804037
1804232
1807914
1808791
1809452
1811718
1813670
1815592
1815716
1816355
1816930
1817495
1818599
1821622
1822708
1826323
1832097
1832177
1832353
1841707
1842691
1845175
1846145
1847074
1849054
1852431
1854908
1855094
1860359
1860617
1863478
1865413
1867978
1873321
1875510
1876396
1880435
1881837
1883417
1883606
1883804
1884523
1885268
1886007
1892548
1896442
1896539
1896626
1896844
1897239
1900492
1901307
1901497
1902453
1908756
1909642
1910273
1910886
1915937
1918275
1919073
1921173
1923787
1927510
1928302
1928989
1935199
1936563
1936884
1937013
1938454
1938462
1941090
1943434
1949016
1950839
1951200
1952231
1953168
1959011
1959773
1960049
1962152
1965009
1967264
1970166
1970428
1970620
1970851
1971106
1971333
1973915
1975503
1975695
1980438
1981697
1983219
1984941
1986277
1991034
1994418
1999783
2000701
2001508
2002360
2002750
2004506
2010637
2012219
2012293
2018740
2019445
2019880
2021495
2024077
2031017
2033573
2033824
2036325
2037262
2043508
2044224
2048580
2051022
2055373
2064825
2067852
2070915
2072512
2074467
2075588
2077173
2077851
2078227
2081763
2082519
2092742
2097386
2098319
2103082
2109942
2111697
2112005
2112331
2113626
2118544
2120926
2121061
2121317
2126994
2127757
2131710
2131877
2132194
2133873
2137935
2142307
2143347
2145648
2150927
2152010
2153114
2154168
2157972
2158815
2161887
2163234
2166065
2166312
2169300
2170253
2171043
2174133
2175128
2178185
2183805
2186820
2187239
2187308
2188221
2189716
2192191
2192213
2194501
2196443
2198255
2199151
2200359
2204471
2204666
2204935
2204998
2206463
2212455
2214908
2216334
2216583
2217448
2218469
2219263
2219580
2219668
2221462
2223866
2225202
2229371
2237555
2239028
2240547
2241347
2241457
2241560
2242086
2244199
2245193
2247020
2252145
2254417
2265610
2265842
2270664
2271471
2273324
2282067
2283657
2285097
2285485
2286683
2289678
2290163
2290648
2290666
2294548
2297290
2298650
2299248
2302998
2306737
2306896
2306999
2307490
2308285
2308815
2308930
2312884
2318455
2318582
2320747
2321913
2326256
2326405
2330714
2333028
2335709
2336184
2336427
2338538
2338965
2343234
2344781
2347186
2351159
2351538
2355272
2358917
2359070
2359236
2359310
2361034
2361240
2362197
2367337
2369024
2369428
2372943
2374961
2381113
2395621
2398846
2399351
2404561
2404736
2405991
2410163
2412328
2413029
2426732
2427071
2430494
2433603
2435518
2436499
2436680
2439687
2445009
2445819
2451864
2458003
2458763
2459759
2460912
2462306
2467037
2467589
2469146
2471207
2477111
2478277
2478997
2483114
2483549
2485894
2487506
2490846
2490889
2493009
2493044
2494066
2494592
2496065
2498086
2500276
2500840
2502130
2502156
2503693
2509774
2510288
2512399
2514859
2516772
2518325
2520006
2523370
2526654
2528490
2530402
2531033
2531616
2532034
2533398
2535181
2536045
2536846
2539078
2539094
2541741
2542370
2548512
2549230
2554677
2557122
2557328
2557807
2558963
2560394
2561965
2563820
2564471
2565556
2570760
2575820
2577488
2580253
2583924
2584491
2585464
2586348
2586697
2587188
2587446
2589402
2595207
2597228
2598964
2600444
2601119
2603536
2608041
2609407
2610483
2610858
2613175
2615282
2615465
2618995
2621241
2621282
2624652
2624967
2625843
2632242
2633717
2634253
2634362
2638589
2640843
2643032
2643615
2644139
2645348
2647903
2648844
2649200
2651611
2659324
2659700
2662245
2665904
2666702
2672946
2680500
2686052
2687166
2688999
2690083
2692399
2697316
2698629
2700786
2702776
2704234
2706577
2706812
2707222
2708698
2710997
2711587
2711954
2713084
2713777
2720613
2721347
2723634
2723965
2728666
2729959
2730490
2731343
2731380
2738912
2738997
2739856
2741993
2743441
2745195
2746559
2747666
2749970
2751574
2755958
2758897
2759583
2761777
2761852
2762289
2769921
2770429
2771464
2772562
2777939
2778804
2781322
2782791
2785169
2785753
2786599
2788829
2789137
2791767
2799275
2799763
2804723
2808022
2810744
2814963
2815140
2818198
2820170
2821290
2823967
2826840
2827412
2828484
2829493
2831259
2831666
2836245
2838070
2843416
2843844
2844389
2844913
2848341
2849516
2851070
2852873
2856833
2856945
2859327
2860231
2860634
2862544
2863254
2867304
2868052
2874459
2877331
2878433
2880880
2882979
2890000
2890341
2890412
2892194
2893992
2898044
2899136
2899997
2902820
2903113
2904731
2905337
2908978
2910446
2910839
2912552
2917806
2920799
2922286
2922903
2924975
2925679
2928308
2935189
2936011
2937631
2945114
2957546
2958996
2961125
2962457
2968797
2970138
2972545
2972567
2977110
2978370
2979343
2984551
2986502
2989305
2997788
2999698
3000778
3000884
3004056
3004213
3005442
3005510
3006177
3011920
3012161
3012979
3013369
3015634
3018626
3018820
3019833
3024790
3025642
3026463
3027754
3029938
3030036
3033209
3042820
3043967
3049096
3049456
3050765
3053011
3054767
3059962
3065813
3072206
3072661
3075536
3076296
3076885
3077152
3078455
3082010
3084944
3085233
3085757
3088023
3089437
3091553
3094872
3095652
3102521
3102536
3103410
3106307
3106865
3107808
3108141
3109179
3111364
3114094
3114627
3115303
3115879
3116694
3122621
3122986
3125721
3127593
3129677
3134423
3135964
3138314
3139659
3142672
3144520
3148103
3150566
3151069
3153106
3156881
3157024
3158563
3159581
3165518
3166344
3166890
3168950
3169024
3169056
3171637
3173014
3173690
3178929
3180781
3189925
3191277
3192641
3195529
3195819
3195986
3198088
3203158
3204945
3210607
3211693
3214444
3218419
3221705
3222114
3225776
3228069
3232850
3233412
3241184
3243343
3249669
3251349
3253359
3256722
3259292
3261767
3261899
3263510
3264084
3264673
3265780
3269275
3269328
3269516
3270622
3271902
3273296
3273711
3279027
3284457
3285654
3286901
3287029
3287188
3292172
3292893
3294719
3298578
3301181
3302988
3303267
3303322
3305086
3306277
3306639
3306773
3308145
3309003
3310533
3310708
3310868
3311725
3311973
3312535
3320520
3324618
3327632
3331233
3333200
3337227
3338561
3338775
3340948
3342605
3350194
3357510
3363282
3363410
3366280
3368849
3372707
3375380
3375916
3377413
3378149
3380183
3380951
3382045
3387815
3387890
3388181
3389976
3391058
3392952
3395159
3395433
3397878
3398021
3398613
3402173
3403216
3403260
3408357
3409502
3411715
3414756
3423003
3424546
3425368
3426033
3426407
3428526
3428550
3429251
3429713
3430776
3431961
3432294
3434752
3436531
3436649
3438753
3440223
3443839
3444044
3447319
3447345
3448127
3449890
3452506
3454916
3456089
3456898
3457109
3457325
3458020
3459684
3460103
3463570
3463924
3464980
3468960
3475376
3476187
3480153
3480824
3480961
3482728
3483315
3484600
3486860
3493194
3493580
3494356
3495398
3496772
3497076
3498312
3504531
3505005
3505436
3506419
3506562
3507952
3508321
3510979
3511893
3516451
3521946
3525184
3526928
3529879
3530318
3530454
3531281
3533367
3534840
3535338
3536770
3543179
3543539
3544346
3550809
3552407
3552545
3553883
3555307
3561056
3561783
3564355
3565084
3566134
3566296
3567565
3570773
3581383
3582906
3585142
3587420
3588304
3591710
3593413
3597118
3599881
3602106
3602358
3604115
3604400
3606160
3608226
3608235
3611804
3613247
3616208
3617583
3620298
3620905
3622766
3624723
3626838
3629527
3631670
3632078
3635660
3635873
3636154
3636162
3637235
3639432
3643140
3643748
3644543
3644724
3644756
3645056
3647441
3648731
3649853
3651686
3651908
3652577
3654703
3654929
3656871
3657081
3660599
3660838
3661752
3663555
3663661
3665082
3671068
3672058
3674526
3678758
3681515
3681981
3682000
3682280
3689986
3694362
3696307
3700822
3702608
3704159
3705380
3707678
3708874
3713200
3718207
3718311
3719072
3721297
3724272
3725064
3725431
3728652
3735643
3738482
3739947
3742274
3744111
3745645
3748486
3754949
3755538
3755793
3756269
3759877
3760382
3763103
3765256
3771178
3771490
3771788
3772861
3773991
3774852
3774880
3775168
3775605
3775678
3779003
3781763
3783069
3783947
3784431
3785073
3786135
3786967
3788926
3789056
3792313
3794739
3796976
3798951
3799184
3801400
3802022
3803984
3804261
3805518
3807856
3807871
3809663
3811580
3813143
3814010
3818014
3819559
3821832
3822122
3830032
3831135
3836630
3845155
3849342
3850656
3851636
3852325
3853834
3853870
3859127
3860558
3871507
3873606
3876862
3878045
3879039
3880248
3881402
3886809
3887086
3887413
3888051
3894008
3895051
3897266
3898595
3900838
3905490
3907748
3908674
3909060
3911839
3914746
3917174
3917273
3917652
3917924
3919090
3921097
3923255
3925238
3926503
3926597
3928096
3928657
3928926
3929343
3931132
3931708
3931851
3933003
3934113
3934421
3934606
3935758
3937040
3938064
3938860
3941858
3948234
3953454
3953945
3959237
3960570
3961351
3962933
3964862
3967253
3970516
3971495
3972562
3973282
3974706
3974873
3975647
3975805
3975859
3978546
3980030
3980306
3984279
3985956
3986827
3993596
3995146
3997379
3997410
4002799
4006360
4006830
4007266
4009678
4010568
4011430
4011583
4015465
4017706
4020477
4020486
4025790
4025879
4031044
4031427
4031636
4032294
4034247
4034593
4035277
4042432
4043705
4044438
4045181
4047487
4051804
4052793
4053317
4055180
4055818
4066862
4069950
4070515
4071876
4076786
4078944
4080479
4080750
4083099
4083900
4088119
4089667
4089882
4091432
4098259
4100196
4101486
4101984
4102060
4103111
4105168
4106823
4108029
4108066
4108884
4110379
4110717
4113949
4115534
4116109
4122538
4122745
4124846
4125062
4130498
4135819
4137801
4137884
4139001
4139419
4140635
4141400
4141792
4152563
4155471
4156321
4157127
4157510
4158598
4160190
4167579
4168611
4169179
4171521
4173064
4173513
4173732
4174159
4177189
4181615
4196942
4201991
4207667
4208678
4210034
4210217
4211986
4214284
4215665
4219083
4222596
4223037
4227124
4228522
4230198
4230248
4231673
4233550
4233989
4235851
4237832
4238688
4246526
4248403
4254487
4255252
4255686
4255896
4256257
4258521
4259916
4266340
4267547
4268878
4274315
4274957
4277273
4279556
4280402
4281616
4284529
4284557
4286978
4289392
4292292
4297811
4298798
4299290
4300263
4303898
4307985
4309617
4313564
4318047
4319923
4323053
4324528
4325906
4326378
4326452
4327248
4328697
4334139
4336846
4338797
4339753
4340523
4341636
4342389
4343994
4345222
4345903
4348182
4348589
4349040
4349405
4350846
4353289
4356950
4357911
4363528
4364562
4364648
4365103
4375669
4375682
4378234
4380795
4381860
4382195
4382390
4382565
4383988
4386477
4387896
4388024
4388132
4398283
4399865
4399975
4403861
4404299
4404560
4406422
4409131
4410470
4411408
4411804
4412159
4413829
4414561
4417715
4417998
4422696
4424686
4427776
4431404
4432815
4433712
4434806
4440344
4444538
4449171
4449872
4452298
4454437
4455466
4456621
4466504
4470195
4474574
4475936
4477020
4478508
4481166
4482604
4484169
4484408
4488729
4489268
4492733
4493783
4497689
4499230
4499596
4501104
4501882
4505130
4505243
4508536
4509916
4511050
4512919
4514969
4515795
4520913
4521336
4525348
4525527
4527526
4529503
4530661
4532543
4533197
4533623
4534157
4534166
4538830
4539038
4539388
4541274
4541959
4543630
4543731
4544440
4545351
4546383
4547494
4548095
4549147
4550979
4551411
4552430
4554637
4560148
4561304
4566749
4577029
4578395
4579278
4580135
4582922
4588068
4588161
4590183
4590290
4590968
4591872
4601317
4604621
4607860
4608565
4611102
4611188
4613424
4614195
4615709
4617060
4617971
4620377
4624748
4626849
4628118
4631549
4632999
4640518
4643706
4644235
4645152
4645271
4645377
4646328
4647001
4648532
4650814
4653877
4656595
4659517
4661879
4671529
4674308
4674814
4675912
4678198
4682302
4683548
4687432
4687485
4688469
4691357
4692037
4696199
4697762
4699365
4700576
4701695
4703146
4704960
4709492
4711228
4712283
4718698
4720009
4721947
4725125
4730358
4730887
4732210
4732228
4732891
4733697
4734183
4736107
4737443
4738691
4739226
4741215
4745662
4747073
4748692
4754580
4754947
4756460
4759066
4759489
4761264
4762114
4762157
4763935
4764180
4766128
4769593
4770862
4772544
4772658
4772828
4773283
4773667
4779063
4785610
4787069
4790410
4790504
4793092
4794760
4797505
4799730
4804556
4810244
4813301
4813339
4814037
4817900
4818277
4821430
4822139
4826437
4833950
4834062
4834669
4835003
4837652
4839308
4840905
4844468
4844497
4846163
4847688
4848556
4851625
4853062
4856162
4861720
4864639
4865350
4866376
4867480
4869379
4874893
4875564
4879606
4880531
4881331
4881902
4883399
4884994
4885478
4885635
4887131
4889108
4889912
4890435
4891154
4891842
4892036
4892650
4893988
4894731
4895986
4898496
4903286
4904477
4908594
4911665
4914898
4915055
4915769
4918157
4920491
4921055
4921495
4930274
4931349
4931501
4941587
4941954
4942504
4946707
4947081
4947320
4953167
4953280
4955965
4956428
4958040
4960497
4960954
4965682
4965698
4967424
4968802
4969095
4973361
4974629
4975752
4981952
4982375
4987234
4989620
4992188
4993755
4993898
4994320
4995120
4997734
5000381
5001231
5005426
5007364
5008896
5014238
5014690
5015924
5016001
5016749
5019385
5025966
5027722
5029903
5032416
5034473
5035009
5042545
5042642
5042885
5044080
5048144
5050007
5054229
5054331
5054701
5055926
5056814
5057333
5059654
5060882
5061532
5064308
5064678
5065356
5069127
5070849
5072110
5074329
5075100
5075173
5076703
5079872
5083657
5087081
5092624
5093335
5094529
5100598
5100903
5102338
5102484
5105158
5105980
5106110
5108041
5108477
5108996
5111312
5111467
5111722
5115166
5115343
5115889
5117317
5119313
5123505
5124627
5124993
5127770
5128610
5139948
5142671
5142826
5144297
5146960
5147117
5147330
5147903
5150661
5151710
5152745
5153524
5157072
5158452
5159027
5159290
5160168
5162036
5162437
5167434
5170343
5171008
5173316
5174029
5175611
5178450
5178800
5180092
5180225
5180867
5182126
5183164
5183929
5184155
5190315
5191097
5192474
5193137
5193458
5194319
5194582
5195403
5195615
5195872
5199708
5204972
5205721
5205825
5206985
5209057
5210779
5211027
5212650
5214310
5217014
5218803
5219969
5220457
5221087
5224545
5231416
5234145
5235525
5236424
5238727
5238987
5241048
5251086
5252068
5254480
5254741
5256364
5256799
5262263
5262719
5262899
5265929
5268514
5268621
5273539
5275022
5276837
5279254
5287359
5288517
5288827
5289298
5291825
5296168
5296272
5299585
5304439
5305613
5307131
5307599
5307749
5308394
5311556
5312841
5314406
5316465
5320337
5322695
5327327
5333292
5333840
5334444
5338445
5339762
5340296
5341970
5342437
5349521
5349895
5350728
5355088
5355889
5357450
5361686
5362981
5364377
5365457
5366557
5368231
5368332
5368817
5376247
5377152
5378117
5379548
5380624
5382941
5383851
5384362
5389152
5392286
5394908
5396155
5397911
5400776
5405903
5408150
5409304
5412029
5412509
5413763
5415368
5416800
5416918
5421065
5421811
5422055
5427848
5429801
5429908
5430079
5441040
5442371
5443958
5444280
5446402
5449646
5452150
5454096
5454758
5455727
5457114
5457380
5459353
5461158
5462519
5462885
5466784
5470969
5471435
5472807
5473446
5480167
5480335
5480369
5482415
5485230
5490832
5490963
5492195
5493739
5495044
5496580
5496771
5497171
5497403
5498056
5498447
5498558
5500155
5501265
5501340
5503633
5504707
5513096
5517376
5520669
5526772
5528666
5530276
5532403
5532781
5533003
5534042
5534273
5534695
5536399
5538569
5539270
5539922
5545416
5546755
5547806
5548495
5549233
5553214
5558226
5559370
5560214
5561096
5564928
5566358
5567593
5570516
5573825
5576954
5577461
5577883
5577939
5578638
5579202
5582222
5583617
5586001
5587133
5587850
5591788
5591808
5592198
5593635
5596052
5597002
5597937
5598326
5599755
5600892
5602727
5604154
5605677
5609978
5611670
5613572
5622491
5623238
5632767
5633228
5636776
5640953
5642518
5644597
5647460
5651871
5653019
5659572
5662639
5663713
5668362
5671204
5672929
5677555
5684836
5686712
5690766
5692364
5693749
5694437
5695158
5695485
5697417
5697902
5703776
5704833
5710256
5712469
5713939
5717529
5720444
5725012
5725051
5725559
5728069
5728116
5728808
5733264
5734009
5734101
5738040
5741246
5744524
5745345
5750533
5751932
5752388
5756879
5757133
5758362
5758623
5758779
5760675
5761007
5762417
5764998
5768171
5770633
5773616
5773891
5774241
5774846
5775179
5777599
5779290
5782725
5789312
5794142
5796416
5801934
5802040
5802613
5803016
5803710
5804254
5805867
5807014
5807686
5807759
5807810
5807828
5809259
5809838
5811198
5813228
5817852
5818305
5824280
5825988
5826982
5830438
5832512
5834880
5835090
5839602
5842452
5843136
5843766
5846547
5847112
5847706
5850215
5854481
5860879
5868349
5875468
5877977
5878838
5881282
5884266
5884417
5884993
5885430
5886284
5887596
5887613
5889640
5893173
5893959
5894210
5894727
5895684
5900762
5901626
5905232
5905833
5906430
5907097
5907720
5912163
5912176
5912205
5914588
5917116
5917415
5919405
5921367
5923113
5925750
5928905
5930652
5934041
5936725
5938763
5944827
5945931
5950164
5950416
5956198
5961631
5962853
5963149
5968409
5972045
5972812
5972937
5975792
5977107
5977257
5977309
5978625
5986762
5987290
5987541
5990936
5991804
5992373
5992875
5995991
5996491
5998020
6000314
6000595
6008409
6011841
6013883
6016042
6017977
6019453
6020535
6020997
6021238
6021264
6023969
6024267
6025898
